33204
8899
5849
31685
21006
31435
23920
15506
16621
11252
22341
10029
20587
12637
17191
2695
17392
6028
5435
6268
7788
13076
5305
14666
14458
16211
4376
19615
4037
8032
21690
9860
9725
19987
11087
15348
22511
16919
24221
15769
9041
8280
16065
18757
18552
12947
16460
23644
5214
7355
22487
22672
9480
17376
22679
22301
24001
3623
3152
11120
13908
6152
15925
22591
4884
6874
20291
8893
13872
5220
17796
4925
27977
16644
9408
6338
22350
19272
16779
16695
7574
5966
18812
20571
6883
13219
11073
9864
5754
19932
19473
3896
12127
10492
14153
21126
15559
14234
21487
3354
