739054
248846
143519
943306
732296
865435
795509
519815
527825
339229
371563
287746
709052
389336
543852
18397
557810
147577
129384
170043
212741
422994
133155
466686
447717
511528
96574
662607
71531
252370
851698
307241
294832
695143
345184
490631
764119
532915
773639
504183
259075
226468
513594
587129
602394
397095
525462
791803
114534
198377
749399
771650
271240
564990
778566
949348
831031
47141
27315
278466
419831
155090
339573
740150
88884
177613
608670
245593
432508
115023
571068
97773
793078
528682
264655
150347
740706
616077
522076
523311
204845
144712
607396
670188
185622
404737
329033
280801
133598
639076
591367
64366
371763
308983
450202
700621
492900
461521
713529
40001
