23435
18375
5810
3987
15725
2627
11522
25941
9961
10986
14280
16633
5831
17464
12074
29127
9814
20947
24010
21624
4817
14003
22571
12744
21008
20209
22916
16291
12585
3276
4605
9732
16678
6387
15314
11085
13337
26953
3368
12220
24706
3248
11209
8578
8074
23386
21149
11240
7447
3914
3550
5337
13862
9160
4027
13788
12056
24419
27888
13932
25897
5329
24352
4398
22338
27269
17234
17716
13115
7737
13237
22266
12031
20234
10921
6587
14170
14542
10631
10523
20991
5590
17769
5727
4411
13167
24243
16601
20824
11628
8082
8966
14633
24661
21128
5236
19606
12377
13454
28600
