100148
877529
834841
54156
152148
7394
11907
333017
284499
459539
465531
541604
173928
620833
304301
971892
276708
735392
689375
641037
599769
388195
682169
355668
367114
301077
710834
163941
750170
593118
79296
510940
521690
140135
477513
325214
59966
266624
34071
307794
533890
622722
282894
213691
208786
555436
273064
10282
818889
619628
52065
47220
563068
241714
44047
68156
33298
789529
776507
519464
369928
625472
451614
57822
693866
607014
189556
537723
367141
668690
235127
746666
11882
273350
543211
710817
64632
178087
269688
274987
585352
648619
193568
148788
666100
387066
485262
513673
655989
164620
201391
723980
427668
493672
364202
109171
331834
348332
83794
775364
