1,2,51
2,1,3,52
3,2,4,53
4,3,5,54
5,4,6,55
6,5,7,56
7,6,8,57
8,7,9,58
9,8,10,59
10,9,11,60
11,10,12,61
12,11,13,62
13,12,14,63
14,13,15,64
15,14,16,65
16,15,17,66
17,16,18,67
18,17,19,68
19,18,20,69
20,19,21,70
21,20,22,71
22,21,23,72
23,22,24,73
24,23,25,74
25,24,26,75
26,25,27,76
27,26,28,77
28,27,29,78
29,28,30,79
30,29,31,80
31,30,32,81
32,31,33,82
33,32,34,83
34,33,35,84
35,34,36,85
36,35,37,86
37,36,38,87
38,37,39,88
39,38,40,89
40,39,41,90
41,40,42,91
42,41,43,92
43,42,44,93
44,43,45,94
45,44,46,95
46,45,47,96
47,46,48,97
48,47,49,98
49,48,50,99
50,49,100
51,52,101,1
52,51,53,102,2
53,52,54,103,3
54,53,55,104,4
55,54,56,105,5
56,55,57,106,6
57,56,58,107,7
58,57,59,108,8
59,58,60,109,9
60,59,61,110,10
61,60,62,111,11
62,61,63,112,12
63,62,64,113,13
64,63,65,114,14
65,64,66,115,15
66,65,67,116,16
67,66,68,117,17
68,67,69,118,18
69,68,70,119,19
70,69,71,120,20
71,70,72,121,21
72,71,73,122,22
73,72,74,123,23
74,73,75,124,24
75,74,76,125,25
76,75,77,126,26
77,76,78,127,27
78,77,79,128,28
79,78,80,129,29
80,79,81,130,30
81,80,82,131,31
82,81,83,132,32
83,82,84,133,33
84,83,85,134,34
85,84,86,135,35
86,85,87,136,36
87,86,88,137,37
88,87,89,138,38
89,88,90,139,39
90,89,91,140,40
91,90,92,141,41
92,91,93,142,42
93,92,94,143,43
94,93,95,144,44
95,94,96,145,45
96,95,97,146,46
97,96,98,147,47
98,97,99,148,48
99,98,100,149,49
100,99,150,50
101,102,151,51
102,101,103,152,52
103,102,104,153,53
104,103,105,154,54
105,104,106,155,55
106,105,107,156,56
107,106,108,157,57
108,107,109,158,58
109,108,110,159,59
110,109,111,160,60
111,110,112,161,61
112,111,113,162,62
113,112,114,163,63
114,113,115,164,64
115,114,116,165,65
116,115,117,166,66
117,116,118,167,67
118,117,119,168,68
119,118,120,169,69
120,119,121,170,70
121,120,122,171,71
122,121,123,172,72
123,122,124,173,73
124,123,125,174,74
125,124,126,175,75
126,125,127,176,76
127,126,128,177,77
128,127,129,178,78
129,128,130,179,79
130,129,131,180,80
131,130,132,181,81
132,131,133,182,82
133,132,134,183,83
134,133,135,184,84
135,134,136,185,85
136,135,137,186,86
137,136,138,187,87
138,137,139,188,88
139,138,140,189,89
140,139,141,190,90
141,140,142,191,91
142,141,143,192,92
143,142,144,193,93
144,143,145,194,94
145,144,146,195,95
146,145,147,196,96
147,146,148,197,97
148,147,149,198,98
149,148,150,199,99
150,149,200,100
151,152,201,101
152,151,153,202,102
153,152,154,203,103
154,153,155,204,104
155,154,156,205,105
156,155,157,206,106
157,156,158,207,107
158,157,159,208,108
159,158,160,209,109
160,159,161,210,110
161,160,162,211,111
162,161,163,212,112
163,162,164,213,113
164,163,165,214,114
165,164,166,215,115
166,165,167,216,116
167,166,168,217,117
168,167,169,218,118
169,168,170,219,119
170,169,171,220,120
171,170,172,221,121
172,171,173,222,122
173,172,174,223,123
174,173,175,224,124
175,174,176,225,125
176,175,177,226,126
177,176,178,227,127
178,177,179,228,128
179,178,180,229,129
180,179,181,230,130
181,180,182,231,131
182,181,183,232,132
183,182,184,233,133
184,183,185,234,134
185,184,186,235,135
186,185,187,236,136
187,186,188,237,137
188,187,189,238,138
189,188,190,239,139
190,189,191,240,140
191,190,192,241,141
192,191,193,242,142
193,192,194,243,143
194,193,195,244,144
195,194,196,245,145
196,195,197,246,146
197,196,198,247,147
198,197,199,248,148
199,198,200,249,149
200,199,250,150
201,202,251,151
202,201,203,252,152
203,202,204,253,153
204,203,205,254,154
205,204,206,255,155
206,205,207,256,156
207,206,208,257,157
208,207,209,258,158
209,208,210,259,159
210,209,211,260,160
211,210,212,261,161
212,211,213,262,162
213,212,214,263,163
214,213,215,264,164
215,214,216,265,165
216,215,217,266,166
217,216,218,267,167
218,217,219,268,168
219,218,220,269,169
220,219,221,270,170
221,220,222,271,171
222,221,223,272,172
223,222,224,273,173
224,223,225,274,174
225,224,226,275,175
226,225,227,276,176
227,226,228,277,177
228,227,229,278,178
229,228,230,279,179
230,229,231,280,180
231,230,232,281,181
232,231,233,282,182
233,232,234,283,183
234,233,235,284,184
235,234,236,285,185
236,235,237,286,186
237,236,238,287,187
238,237,239,288,188
239,238,240,289,189
240,239,241,290,190
241,240,242,291,191
242,241,243,292,192
243,242,244,293,193
244,243,245,294,194
245,244,246,295,195
246,245,247,296,196
247,246,248,297,197
248,247,249,298,198
249,248,250,299,199
250,249,300,200
251,252,301,201
252,251,253,302,202
253,252,254,303,203
254,253,255,304,204
255,254,256,305,205
256,255,257,306,206
257,256,258,307,207
258,257,259,308,208
259,258,260,309,209
260,259,261,310,210
261,260,262,311,211
262,261,263,312,212
263,262,264,313,213
264,263,265,314,214
265,264,266,315,215
266,265,267,316,216
267,266,268,317,217
268,267,269,318,218
269,268,270,319,219
270,269,271,320,220
271,270,272,321,221
272,271,273,322,222
273,272,274,323,223
274,273,275,324,224
275,274,276,325,225
276,275,277,326,226
277,276,278,327,227
278,277,279,328,228
279,278,280,329,229
280,279,281,330,230
281,280,282,331,231
282,281,283,332,232
283,282,284,333,233
284,283,285,334,234
285,284,286,335,235
286,285,287,336,236
287,286,288,337,237
288,287,289,338,238
289,288,290,339,239
290,289,291,340,240
291,290,292,341,241
292,291,293,342,242
293,292,294,343,243
294,293,295,344,244
295,294,296,345,245
296,295,297,346,246
297,296,298,347,247
298,297,299,348,248
299,298,300,349,249
300,299,350,250
301,302,351,251
302,301,303,352,252
303,302,304,353,253
304,303,305,354,254
305,304,306,355,255
306,305,307,356,256
307,306,308,357,257
308,307,309,358,258
309,308,310,359,259
310,309,311,360,260
311,310,312,361,261
312,311,313,362,262
313,312,314,363,263
314,313,315,364,264
315,314,316,365,265
316,315,317,366,266
317,316,318,367,267
318,317,319,368,268
319,318,320,369,269
320,319,321,370,270
321,320,322,371,271
322,321,323,372,272
323,322,324,373,273
324,323,325,374,274
325,324,326,375,275
326,325,327,376,276
327,326,328,377,277
328,327,329,378,278
329,328,330,379,279
330,329,331,380,280
331,330,332,381,281
332,331,333,382,282
333,332,334,383,283
334,333,335,384,284
335,334,336,385,285
336,335,337,386,286
337,336,338,387,287
338,337,339,388,288
339,338,340,389,289
340,339,341,390,290
341,340,342,391,291
342,341,343,392,292
343,342,344,393,293
344,343,345,394,294
345,344,346,395,295
346,345,347,396,296
347,346,348,397,297
348,347,349,398,298
349,348,350,399,299
350,349,400,300
351,352,401,301
352,351,353,402,302
353,352,354,403,303
354,353,355,404,304
355,354,356,405,305
356,355,357,406,306
357,356,358,407,307
358,357,359,408,308
359,358,360,409,309
360,359,361,410,310
361,360,362,411,311
362,361,363,412,312
363,362,364,413,313
364,363,365,414,314
365,364,366,415,315
366,365,367,416,316
367,366,368,417,317
368,367,369,418,318
369,368,370,419,319
370,369,371,420,320
371,370,372,421,321
372,371,373,422,322
373,372,374,423,323
374,373,375,424,324
375,374,376,425,325
376,375,377,426,326
377,376,378,427,327
378,377,379,428,328
379,378,380,429,329
380,379,381,430,330
381,380,382,431,331
382,381,383,432,332
383,382,384,433,333
384,383,385,434,334
385,384,386,435,335
386,385,387,436,336
387,386,388,437,337
388,387,389,438,338
389,388,390,439,339
390,389,391,440,340
391,390,392,441,341
392,391,393,442,342
393,392,394,443,343
394,393,395,444,344
395,394,396,445,345
396,395,397,446,346
397,396,398,447,347
398,397,399,448,348
399,398,400,449,349
400,399,450,350
401,402,451,351
402,401,403,452,352
403,402,404,453,353
404,403,405,454,354
405,404,406,455,355
406,405,407,456,356
407,406,408,457,357
408,407,409,458,358
409,408,410,459,359
410,409,411,460,360
411,410,412,461,361
412,411,413,462,362
413,412,414,463,363
414,413,415,464,364
415,414,416,465,365
416,415,417,466,366
417,416,418,467,367
418,417,419,468,368
419,418,420,469,369
420,419,421,470,370
421,420,422,471,371
422,421,423,472,372
423,422,424,473,373
424,423,425,474,374
425,424,426,475,375
426,425,427,476,376
427,426,428,477,377
428,427,429,478,378
429,428,430,479,379
430,429,431,480,380
431,430,432,481,381
432,431,433,482,382
433,432,434,483,383
434,433,435,484,384
435,434,436,485,385
436,435,437,486,386
437,436,438,487,387
438,437,439,488,388
439,438,440,489,389
440,439,441,490,390
441,440,442,491,391
442,441,443,492,392
443,442,444,493,393
444,443,445,494,394
445,444,446,495,395
446,445,447,496,396
447,446,448,497,397
448,447,449,498,398
449,448,450,499,399
450,449,500,400
451,452,501,401
452,451,453,502,402
453,452,454,503,403
454,453,455,504,404
455,454,456,505,405
456,455,457,506,406
457,456,458,507,407
458,457,459,508,408
459,458,460,509,409
460,459,461,510,410
461,460,462,511,411
462,461,463,512,412
463,462,464,513,413
464,463,465,514,414
465,464,466,515,415
466,465,467,516,416
467,466,468,517,417
468,467,469,518,418
469,468,470,519,419
470,469,471,520,420
471,470,472,521,421
472,471,473,522,422
473,472,474,523,423
474,473,475,524,424
475,474,476,525,425
476,475,477,526,426
477,476,478,527,427
478,477,479,528,428
479,478,480,529,429
480,479,481,530,430
481,480,482,531,431
482,481,483,532,432
483,482,484,533,433
484,483,485,534,434
485,484,486,535,435
486,485,487,536,436
487,486,488,537,437
488,487,489,538,438
489,488,490,539,439
490,489,491,540,440
491,490,492,541,441
492,491,493,542,442
493,492,494,543,443
494,493,495,544,444
495,494,496,545,445
496,495,497,546,446
497,496,498,547,447
498,497,499,548,448
499,498,500,549,449
500,499,550,450
501,502,551,451
502,501,503,552,452
503,502,504,553,453
504,503,505,554,454
505,504,506,555,455
506,505,507,556,456
507,506,508,557,457
508,507,509,558,458
509,508,510,559,459
510,509,511,560,460
511,510,512,561,461
512,511,513,562,462
513,512,514,563,463
514,513,515,564,464
515,514,516,565,465
516,515,517,566,466
517,516,518,567,467
518,517,519,568,468
519,518,520,569,469
520,519,521,570,470
521,520,522,571,471
522,521,523,572,472
523,522,524,573,473
524,523,525,574,474
525,524,526,575,475
526,525,527,576,476
527,526,528,577,477
528,527,529,578,478
529,528,530,579,479
530,529,531,580,480
531,530,532,581,481
532,531,533,582,482
533,532,534,583,483
534,533,535,584,484
535,534,536,585,485
536,535,537,586,486
537,536,538,587,487
538,537,539,588,488
539,538,540,589,489
540,539,541,590,490
541,540,542,591,491
542,541,543,592,492
543,542,544,593,493
544,543,545,594,494
545,544,546,595,495
546,545,547,596,496
547,546,548,597,497
548,547,549,598,498
549,548,550,599,499
550,549,600,500
551,552,601,501
552,551,553,602,502
553,552,554,603,503
554,553,555,604,504
555,554,556,605,505
556,555,557,606,506
557,556,558,607,507
558,557,559,608,508
559,558,560,609,509
560,559,561,610,510
561,560,562,611,511
562,561,563,612,512
563,562,564,613,513
564,563,565,614,514
565,564,566,615,515
566,565,567,616,516
567,566,568,617,517
568,567,569,618,518
569,568,570,619,519
570,569,571,620,520
571,570,572,621,521
572,571,573,622,522
573,572,574,623,523
574,573,575,624,524
575,574,576,625,525
576,575,577,626,526
577,576,578,627,527
578,577,579,628,528
579,578,580,629,529
580,579,581,630,530
581,580,582,631,531
582,581,583,632,532
583,582,584,633,533
584,583,585,634,534
585,584,586,635,535
586,585,587,636,536
587,586,588,637,537
588,587,589,638,538
589,588,590,639,539
590,589,591,640,540
591,590,592,641,541
592,591,593,642,542
593,592,594,643,543
594,593,595,644,544
595,594,596,645,545
596,595,597,646,546
597,596,598,647,547
598,597,599,648,548
599,598,600,649,549
600,599,650,550
601,602,651,551
602,601,603,652,552
603,602,604,653,553
604,603,605,654,554
605,604,606,655,555
606,605,607,656,556
607,606,608,657,557
608,607,609,658,558
609,608,610,659,559
610,609,611,660,560
611,610,612,661,561
612,611,613,662,562
613,612,614,663,563
614,613,615,664,564
615,614,616,665,565
616,615,617,666,566
617,616,618,667,567
618,617,619,668,568
619,618,620,669,569
620,619,621,670,570
621,620,622,671,571
622,621,623,672,572
623,622,624,673,573
624,623,625,674,574
625,624,626,675,575
626,625,627,676,576
627,626,628,677,577
628,627,629,678,578
629,628,630,679,579
630,629,631,680,580
631,630,632,681,581
632,631,633,682,582
633,632,634,683,583
634,633,635,684,584
635,634,636,685,585
636,635,637,686,586
637,636,638,687,587
638,637,639,688,588
639,638,640,689,589
640,639,641,690,590
641,640,642,691,591
642,641,643,692,592
643,642,644,693,593
644,643,645,694,594
645,644,646,695,595
646,645,647,696,596
647,646,648,697,597
648,647,649,698,598
649,648,650,699,599
650,649,700,600
651,652,701,601
652,651,653,702,602
653,652,654,703,603
654,653,655,704,604
655,654,656,705,605
656,655,657,706,606
657,656,658,707,607
658,657,659,708,608
659,658,660,709,609
660,659,661,710,610
661,660,662,711,611
662,661,663,712,612
663,662,664,713,613
664,663,665,714,614
665,664,666,715,615
666,665,667,716,616
667,666,668,717,617
668,667,669,718,618
669,668,670,719,619
670,669,671,720,620
671,670,672,721,621
672,671,673,722,622
673,672,674,723,623
674,673,675,724,624
675,674,676,725,625
676,675,677,726,626
677,676,678,727,627
678,677,679,728,628
679,678,680,729,629
680,679,681,730,630
681,680,682,731,631
682,681,683,732,632
683,682,684,733,633
684,683,685,734,634
685,684,686,735,635
686,685,687,736,636
687,686,688,737,637
688,687,689,738,638
689,688,690,739,639
690,689,691,740,640
691,690,692,741,641
692,691,693,742,642
693,692,694,743,643
694,693,695,744,644
695,694,696,745,645
696,695,697,746,646
697,696,698,747,647
698,697,699,748,648
699,698,700,749,649
700,699,750,650
701,702,751,651
702,701,703,752,652
703,702,704,753,653
704,703,705,754,654
705,704,706,755,655
706,705,707,756,656
707,706,708,757,657
708,707,709,758,658
709,708,710,759,659
710,709,711,760,660
711,710,712,761,661
712,711,713,762,662
713,712,714,763,663
714,713,715,764,664
715,714,716,765,665
716,715,717,766,666
717,716,718,767,667
718,717,719,768,668
719,718,720,769,669
720,719,721,770,670
721,720,722,771,671
722,721,723,772,672
723,722,724,773,673
724,723,725,774,674
725,724,726,775,675
726,725,727,776,676
727,726,728,777,677
728,727,729,778,678
729,728,730,779,679
730,729,731,780,680
731,730,732,781,681
732,731,733,782,682
733,732,734,783,683
734,733,735,784,684
735,734,736,785,685
736,735,737,786,686
737,736,738,787,687
738,737,739,788,688
739,738,740,789,689
740,739,741,790,690
741,740,742,791,691
742,741,743,792,692
743,742,744,793,693
744,743,745,794,694
745,744,746,795,695
746,745,747,796,696
747,746,748,797,697
748,747,749,798,698
749,748,750,799,699
750,749,800,700
751,752,801,701
752,751,753,802,702
753,752,754,803,703
754,753,755,804,704
755,754,756,805,705
756,755,757,806,706
757,756,758,807,707
758,757,759,808,708
759,758,760,809,709
760,759,761,810,710
761,760,762,811,711
762,761,763,812,712
763,762,764,813,713
764,763,765,814,714
765,764,766,815,715
766,765,767,816,716
767,766,768,817,717
768,767,769,818,718
769,768,770,819,719
770,769,771,820,720
771,770,772,821,721
772,771,773,822,722
773,772,774,823,723
774,773,775,824,724
775,774,776,825,725
776,775,777,826,726
777,776,778,827,727
778,777,779,828,728
779,778,780,829,729
780,779,781,830,730
781,780,782,831,731
782,781,783,832,732
783,782,784,833,733
784,783,785,834,734
785,784,786,835,735
786,785,787,836,736
787,786,788,837,737
788,787,789,838,738
789,788,790,839,739
790,789,791,840,740
791,790,792,841,741
792,791,793,842,742
793,792,794,843,743
794,793,795,844,744
795,794,796,845,745
796,795,797,846,746
797,796,798,847,747
798,797,799,848,748
799,798,800,849,749
800,799,850,750
801,802,851,751
802,801,803,852,752
803,802,804,853,753
804,803,805,854,754
805,804,806,855,755
806,805,807,856,756
807,806,808,857,757
808,807,809,858,758
809,808,810,859,759
810,809,811,860,760
811,810,812,861,761
812,811,813,862,762
813,812,814,863,763
814,813,815,864,764
815,814,816,865,765
816,815,817,866,766
817,816,818,867,767
818,817,819,868,768
819,818,820,869,769
820,819,821,870,770
821,820,822,871,771
822,821,823,872,772
823,822,824,873,773
824,823,825,874,774
825,824,826,875,775
826,825,827,876,776
827,826,828,877,777
828,827,829,878,778
829,828,830,879,779
830,829,831,880,780
831,830,832,881,781
832,831,833,882,782
833,832,834,883,783
834,833,835,884,784
835,834,836,885,785
836,835,837,886,786
837,836,838,887,787
838,837,839,888,788
839,838,840,889,789
840,839,841,890,790
841,840,842,891,791
842,841,843,892,792
843,842,844,893,793
844,843,845,894,794
845,844,846,895,795
846,845,847,896,796
847,846,848,897,797
848,847,849,898,798
849,848,850,899,799
850,849,900,800
851,852,901,801
852,851,853,902,802
853,852,854,903,803
854,853,855,904,804
855,854,856,905,805
856,855,857,906,806
857,856,858,907,807
858,857,859,908,808
859,858,860,909,809
860,859,861,910,810
861,860,862,911,811
862,861,863,912,812
863,862,864,913,813
864,863,865,914,814
865,864,866,915,815
866,865,867,916,816
867,866,868,917,817
868,867,869,918,818
869,868,870,919,819
870,869,871,920,820
871,870,872,921,821
872,871,873,922,822
873,872,874,923,823
874,873,875,924,824
875,874,876,925,825
876,875,877,926,826
877,876,878,927,827
878,877,879,928,828
879,878,880,929,829
880,879,881,930,830
881,880,882,931,831
882,881,883,932,832
883,882,884,933,833
884,883,885,934,834
885,884,886,935,835
886,885,887,936,836
887,886,888,937,837
888,887,889,938,838
889,888,890,939,839
890,889,891,940,840
891,890,892,941,841
892,891,893,942,842
893,892,894,943,843
894,893,895,944,844
895,894,896,945,845
896,895,897,946,846
897,896,898,947,847
898,897,899,948,848
899,898,900,949,849
900,899,950,850
901,902,951,851
902,901,903,952,852
903,902,904,953,853
904,903,905,954,854
905,904,906,955,855
906,905,907,956,856
907,906,908,957,857
908,907,909,958,858
909,908,910,959,859
910,909,911,960,860
911,910,912,961,861
912,911,913,962,862
913,912,914,963,863
914,913,915,964,864
915,914,916,965,865
916,915,917,966,866
917,916,918,967,867
918,917,919,968,868
919,918,920,969,869
920,919,921,970,870
921,920,922,971,871
922,921,923,972,872
923,922,924,973,873
924,923,925,974,874
925,924,926,975,875
926,925,927,976,876
927,926,928,977,877
928,927,929,978,878
929,928,930,979,879
930,929,931,980,880
931,930,932,981,881
932,931,933,982,882
933,932,934,983,883
934,933,935,984,884
935,934,936,985,885
936,935,937,986,886
937,936,938,987,887
938,937,939,988,888
939,938,940,989,889
940,939,941,990,890
941,940,942,991,891
942,941,943,992,892
943,942,944,993,893
944,943,945,994,894
945,944,946,995,895
946,945,947,996,896
947,946,948,997,897
948,947,949,998,898
949,948,950,999,899
950,949,1000,900
951,952,1001,901
952,951,953,1002,902
953,952,954,1003,903
954,953,955,1004,904
955,954,956,1005,905
956,955,957,1006,906
957,956,958,1007,907
958,957,959,1008,908
959,958,960,1009,909
960,959,961,1010,910
961,960,962,1011,911
962,961,963,1012,912
963,962,964,1013,913
964,963,965,1014,914
965,964,966,1015,915
966,965,967,1016,916
967,966,968,1017,917
968,967,969,1018,918
969,968,970,1019,919
970,969,971,1020,920
971,970,972,1021,921
972,971,973,1022,922
973,972,974,1023,923
974,973,975,1024,924
975,974,976,1025,925
976,975,977,1026,926
977,976,978,1027,927
978,977,979,1028,928
979,978,980,1029,929
980,979,981,1030,930
981,980,982,1031,931
982,981,983,1032,932
983,982,984,1033,933
984,983,985,1034,934
985,984,986,1035,935
986,985,987,1036,936
987,986,988,1037,937
988,987,989,1038,938
989,988,990,1039,939
990,989,991,1040,940
991,990,992,1041,941
992,991,993,1042,942
993,992,994,1043,943
994,993,995,1044,944
995,994,996,1045,945
996,995,997,1046,946
997,996,998,1047,947
998,997,999,1048,948
999,998,1000,1049,949
1000,999,1050,950
1001,1002,1051,951
1002,1001,1003,1052,952
1003,1002,1004,1053,953
1004,1003,1005,1054,954
1005,1004,1006,1055,955
1006,1005,1007,1056,956
1007,1006,1008,1057,957
1008,1007,1009,1058,958
1009,1008,1010,1059,959
1010,1009,1011,1060,960
1011,1010,1012,1061,961
1012,1011,1013,1062,962
1013,1012,1014,1063,963
1014,1013,1015,1064,964
1015,1014,1016,1065,965
1016,1015,1017,1066,966
1017,1016,1018,1067,967
1018,1017,1019,1068,968
1019,1018,1020,1069,969
1020,1019,1021,1070,970
1021,1020,1022,1071,971
1022,1021,1023,1072,972
1023,1022,1024,1073,973
1024,1023,1025,1074,974
1025,1024,1026,1075,975
1026,1025,1027,1076,976
1027,1026,1028,1077,977
1028,1027,1029,1078,978
1029,1028,1030,1079,979
1030,1029,1031,1080,980
1031,1030,1032,1081,981
1032,1031,1033,1082,982
1033,1032,1034,1083,983
1034,1033,1035,1084,984
1035,1034,1036,1085,985
1036,1035,1037,1086,986
1037,1036,1038,1087,987
1038,1037,1039,1088,988
1039,1038,1040,1089,989
1040,1039,1041,1090,990
1041,1040,1042,1091,991
1042,1041,1043,1092,992
1043,1042,1044,1093,993
1044,1043,1045,1094,994
1045,1044,1046,1095,995
1046,1045,1047,1096,996
1047,1046,1048,1097,997
1048,1047,1049,1098,998
1049,1048,1050,1099,999
1050,1049,1100,1000
1051,1052,1101,1001
1052,1051,1053,1102,1002
1053,1052,1054,1103,1003
1054,1053,1055,1104,1004
1055,1054,1056,1105,1005
1056,1055,1057,1106,1006
1057,1056,1058,1107,1007
1058,1057,1059,1108,1008
1059,1058,1060,1109,1009
1060,1059,1061,1110,1010
1061,1060,1062,1111,1011
1062,1061,1063,1112,1012
1063,1062,1064,1113,1013
1064,1063,1065,1114,1014
1065,1064,1066,1115,1015
1066,1065,1067,1116,1016
1067,1066,1068,1117,1017
1068,1067,1069,1118,1018
1069,1068,1070,1119,1019
1070,1069,1071,1120,1020
1071,1070,1072,1121,1021
1072,1071,1073,1122,1022
1073,1072,1074,1123,1023
1074,1073,1075,1124,1024
1075,1074,1076,1125,1025
1076,1075,1077,1126,1026
1077,1076,1078,1127,1027
1078,1077,1079,1128,1028
1079,1078,1080,1129,1029
1080,1079,1081,1130,1030
1081,1080,1082,1131,1031
1082,1081,1083,1132,1032
1083,1082,1084,1133,1033
1084,1083,1085,1134,1034
1085,1084,1086,1135,1035
1086,1085,1087,1136,1036
1087,1086,1088,1137,1037
1088,1087,1089,1138,1038
1089,1088,1090,1139,1039
1090,1089,1091,1140,1040
1091,1090,1092,1141,1041
1092,1091,1093,1142,1042
1093,1092,1094,1143,1043
1094,1093,1095,1144,1044
1095,1094,1096,1145,1045
1096,1095,1097,1146,1046
1097,1096,1098,1147,1047
1098,1097,1099,1148,1048
1099,1098,1100,1149,1049
1100,1099,1150,1050
1101,1102,1151,1051
1102,1101,1103,1152,1052
1103,1102,1104,1153,1053
1104,1103,1105,1154,1054
1105,1104,1106,1155,1055
1106,1105,1107,1156,1056
1107,1106,1108,1157,1057
1108,1107,1109,1158,1058
1109,1108,1110,1159,1059
1110,1109,1111,1160,1060
1111,1110,1112,1161,1061
1112,1111,1113,1162,1062
1113,1112,1114,1163,1063
1114,1113,1115,1164,1064
1115,1114,1116,1165,1065
1116,1115,1117,1166,1066
1117,1116,1118,1167,1067
1118,1117,1119,1168,1068
1119,1118,1120,1169,1069
1120,1119,1121,1170,1070
1121,1120,1122,1171,1071
1122,1121,1123,1172,1072
1123,1122,1124,1173,1073
1124,1123,1125,1174,1074
1125,1124,1126,1175,1075
1126,1125,1127,1176,1076
1127,1126,1128,1177,1077
1128,1127,1129,1178,1078
1129,1128,1130,1179,1079
1130,1129,1131,1180,1080
1131,1130,1132,1181,1081
1132,1131,1133,1182,1082
1133,1132,1134,1183,1083
1134,1133,1135,1184,1084
1135,1134,1136,1185,1085
1136,1135,1137,1186,1086
1137,1136,1138,1187,1087
1138,1137,1139,1188,1088
1139,1138,1140,1189,1089
1140,1139,1141,1190,1090
1141,1140,1142,1191,1091
1142,1141,1143,1192,1092
1143,1142,1144,1193,1093
1144,1143,1145,1194,1094
1145,1144,1146,1195,1095
1146,1145,1147,1196,1096
1147,1146,1148,1197,1097
1148,1147,1149,1198,1098
1149,1148,1150,1199,1099
1150,1149,1200,1100
1151,1152,1201,1101
1152,1151,1153,1202,1102
1153,1152,1154,1203,1103
1154,1153,1155,1204,1104
1155,1154,1156,1205,1105
1156,1155,1157,1206,1106
1157,1156,1158,1207,1107
1158,1157,1159,1208,1108
1159,1158,1160,1209,1109
1160,1159,1161,1210,1110
1161,1160,1162,1211,1111
1162,1161,1163,1212,1112
1163,1162,1164,1213,1113
1164,1163,1165,1214,1114
1165,1164,1166,1215,1115
1166,1165,1167,1216,1116
1167,1166,1168,1217,1117
1168,1167,1169,1218,1118
1169,1168,1170,1219,1119
1170,1169,1171,1220,1120
1171,1170,1172,1221,1121
1172,1171,1173,1222,1122
1173,1172,1174,1223,1123
1174,1173,1175,1224,1124
1175,1174,1176,1225,1125
1176,1175,1177,1226,1126
1177,1176,1178,1227,1127
1178,1177,1179,1228,1128
1179,1178,1180,1229,1129
1180,1179,1181,1230,1130
1181,1180,1182,1231,1131
1182,1181,1183,1232,1132
1183,1182,1184,1233,1133
1184,1183,1185,1234,1134
1185,1184,1186,1235,1135
1186,1185,1187,1236,1136
1187,1186,1188,1237,1137
1188,1187,1189,1238,1138
1189,1188,1190,1239,1139
1190,1189,1191,1240,1140
1191,1190,1192,1241,1141
1192,1191,1193,1242,1142
1193,1192,1194,1243,1143
1194,1193,1195,1244,1144
1195,1194,1196,1245,1145
1196,1195,1197,1246,1146
1197,1196,1198,1247,1147
1198,1197,1199,1248,1148
1199,1198,1200,1249,1149
1200,1199,1250,1150
1201,1202,1251,1151
1202,1201,1203,1252,1152
1203,1202,1204,1253,1153
1204,1203,1205,1254,1154
1205,1204,1206,1255,1155
1206,1205,1207,1256,1156
1207,1206,1208,1257,1157
1208,1207,1209,1258,1158
1209,1208,1210,1259,1159
1210,1209,1211,1260,1160
1211,1210,1212,1261,1161
1212,1211,1213,1262,1162
1213,1212,1214,1263,1163
1214,1213,1215,1264,1164
1215,1214,1216,1265,1165
1216,1215,1217,1266,1166
1217,1216,1218,1267,1167
1218,1217,1219,1268,1168
1219,1218,1220,1269,1169
1220,1219,1221,1270,1170
1221,1220,1222,1271,1171
1222,1221,1223,1272,1172
1223,1222,1224,1273,1173
1224,1223,1225,1274,1174
1225,1224,1226,1275,1175
1226,1225,1227,1276,1176
1227,1226,1228,1277,1177
1228,1227,1229,1278,1178
1229,1228,1230,1279,1179
1230,1229,1231,1280,1180
1231,1230,1232,1281,1181
1232,1231,1233,1282,1182
1233,1232,1234,1283,1183
1234,1233,1235,1284,1184
1235,1234,1236,1285,1185
1236,1235,1237,1286,1186
1237,1236,1238,1287,1187
1238,1237,1239,1288,1188
1239,1238,1240,1289,1189
1240,1239,1241,1290,1190
1241,1240,1242,1291,1191
1242,1241,1243,1292,1192
1243,1242,1244,1293,1193
1244,1243,1245,1294,1194
1245,1244,1246,1295,1195
1246,1245,1247,1296,1196
1247,1246,1248,1297,1197
1248,1247,1249,1298,1198
1249,1248,1250,1299,1199
1250,1249,1300,1200
1251,1252,1301,1201
1252,1251,1253,1302,1202
1253,1252,1254,1303,1203
1254,1253,1255,1304,1204
1255,1254,1256,1305,1205
1256,1255,1257,1306,1206
1257,1256,1258,1307,1207
1258,1257,1259,1308,1208
1259,1258,1260,1309,1209
1260,1259,1261,1310,1210
1261,1260,1262,1311,1211
1262,1261,1263,1312,1212
1263,1262,1264,1313,1213
1264,1263,1265,1314,1214
1265,1264,1266,1315,1215
1266,1265,1267,1316,1216
1267,1266,1268,1317,1217
1268,1267,1269,1318,1218
1269,1268,1270,1319,1219
1270,1269,1271,1320,1220
1271,1270,1272,1321,1221
1272,1271,1273,1322,1222
1273,1272,1274,1323,1223
1274,1273,1275,1324,1224
1275,1274,1276,1325,1225
1276,1275,1277,1326,1226
1277,1276,1278,1327,1227
1278,1277,1279,1328,1228
1279,1278,1280,1329,1229
1280,1279,1281,1330,1230
1281,1280,1282,1331,1231
1282,1281,1283,1332,1232
1283,1282,1284,1333,1233
1284,1283,1285,1334,1234
1285,1284,1286,1335,1235
1286,1285,1287,1336,1236
1287,1286,1288,1337,1237
1288,1287,1289,1338,1238
1289,1288,1290,1339,1239
1290,1289,1291,1340,1240
1291,1290,1292,1341,1241
1292,1291,1293,1342,1242
1293,1292,1294,1343,1243
1294,1293,1295,1344,1244
1295,1294,1296,1345,1245
1296,1295,1297,1346,1246
1297,1296,1298,1347,1247
1298,1297,1299,1348,1248
1299,1298,1300,1349,1249
1300,1299,1350,1250
1301,1302,1351,1251
1302,1301,1303,1352,1252
1303,1302,1304,1353,1253
1304,1303,1305,1354,1254
1305,1304,1306,1355,1255
1306,1305,1307,1356,1256
1307,1306,1308,1357,1257
1308,1307,1309,1358,1258
1309,1308,1310,1359,1259
1310,1309,1311,1360,1260
1311,1310,1312,1361,1261
1312,1311,1313,1362,1262
1313,1312,1314,1363,1263
1314,1313,1315,1364,1264
1315,1314,1316,1365,1265
1316,1315,1317,1366,1266
1317,1316,1318,1367,1267
1318,1317,1319,1368,1268
1319,1318,1320,1369,1269
1320,1319,1321,1370,1270
1321,1320,1322,1371,1271
1322,1321,1323,1372,1272
1323,1322,1324,1373,1273
1324,1323,1325,1374,1274
1325,1324,1326,1375,1275
1326,1325,1327,1376,1276
1327,1326,1328,1377,1277
1328,1327,1329,1378,1278
1329,1328,1330,1379,1279
1330,1329,1331,1380,1280
1331,1330,1332,1381,1281
1332,1331,1333,1382,1282
1333,1332,1334,1383,1283
1334,1333,1335,1384,1284
1335,1334,1336,1385,1285
1336,1335,1337,1386,1286
1337,1336,1338,1387,1287
1338,1337,1339,1388,1288
1339,1338,1340,1389,1289
1340,1339,1341,1390,1290
1341,1340,1342,1391,1291
1342,1341,1343,1392,1292
1343,1342,1344,1393,1293
1344,1343,1345,1394,1294
1345,1344,1346,1395,1295
1346,1345,1347,1396,1296
1347,1346,1348,1397,1297
1348,1347,1349,1398,1298
1349,1348,1350,1399,1299
1350,1349,1400,1300
1351,1352,1401,1301
1352,1351,1353,1402,1302
1353,1352,1354,1403,1303
1354,1353,1355,1404,1304
1355,1354,1356,1405,1305
1356,1355,1357,1406,1306
1357,1356,1358,1407,1307
1358,1357,1359,1408,1308
1359,1358,1360,1409,1309
1360,1359,1361,1410,1310
1361,1360,1362,1411,1311
1362,1361,1363,1412,1312
1363,1362,1364,1413,1313
1364,1363,1365,1414,1314
1365,1364,1366,1415,1315
1366,1365,1367,1416,1316
1367,1366,1368,1417,1317
1368,1367,1369,1418,1318
1369,1368,1370,1419,1319
1370,1369,1371,1420,1320
1371,1370,1372,1421,1321
1372,1371,1373,1422,1322
1373,1372,1374,1423,1323
1374,1373,1375,1424,1324
1375,1374,1376,1425,1325
1376,1375,1377,1426,1326
1377,1376,1378,1427,1327
1378,1377,1379,1428,1328
1379,1378,1380,1429,1329
1380,1379,1381,1430,1330
1381,1380,1382,1431,1331
1382,1381,1383,1432,1332
1383,1382,1384,1433,1333
1384,1383,1385,1434,1334
1385,1384,1386,1435,1335
1386,1385,1387,1436,1336
1387,1386,1388,1437,1337
1388,1387,1389,1438,1338
1389,1388,1390,1439,1339
1390,1389,1391,1440,1340
1391,1390,1392,1441,1341
1392,1391,1393,1442,1342
1393,1392,1394,1443,1343
1394,1393,1395,1444,1344
1395,1394,1396,1445,1345
1396,1395,1397,1446,1346
1397,1396,1398,1447,1347
1398,1397,1399,1448,1348
1399,1398,1400,1449,1349
1400,1399,1450,1350
1401,1402,1451,1351
1402,1401,1403,1452,1352
1403,1402,1404,1453,1353
1404,1403,1405,1454,1354
1405,1404,1406,1455,1355
1406,1405,1407,1456,1356
1407,1406,1408,1457,1357
1408,1407,1409,1458,1358
1409,1408,1410,1459,1359
1410,1409,1411,1460,1360
1411,1410,1412,1461,1361
1412,1411,1413,1462,1362
1413,1412,1414,1463,1363
1414,1413,1415,1464,1364
1415,1414,1416,1465,1365
1416,1415,1417,1466,1366
1417,1416,1418,1467,1367
1418,1417,1419,1468,1368
1419,1418,1420,1469,1369
1420,1419,1421,1470,1370
1421,1420,1422,1471,1371
1422,1421,1423,1472,1372
1423,1422,1424,1473,1373
1424,1423,1425,1474,1374
1425,1424,1426,1475,1375
1426,1425,1427,1476,1376
1427,1426,1428,1477,1377
1428,1427,1429,1478,1378
1429,1428,1430,1479,1379
1430,1429,1431,1480,1380
1431,1430,1432,1481,1381
1432,1431,1433,1482,1382
1433,1432,1434,1483,1383
1434,1433,1435,1484,1384
1435,1434,1436,1485,1385
1436,1435,1437,1486,1386
1437,1436,1438,1487,1387
1438,1437,1439,1488,1388
1439,1438,1440,1489,1389
1440,1439,1441,1490,1390
1441,1440,1442,1491,1391
1442,1441,1443,1492,1392
1443,1442,1444,1493,1393
1444,1443,1445,1494,1394
1445,1444,1446,1495,1395
1446,1445,1447,1496,1396
1447,1446,1448,1497,1397
1448,1447,1449,1498,1398
1449,1448,1450,1499,1399
1450,1449,1500,1400
1451,1452,1501,1401
1452,1451,1453,1502,1402
1453,1452,1454,1503,1403
1454,1453,1455,1504,1404
1455,1454,1456,1505,1405
1456,1455,1457,1506,1406
1457,1456,1458,1507,1407
1458,1457,1459,1508,1408
1459,1458,1460,1509,1409
1460,1459,1461,1510,1410
1461,1460,1462,1511,1411
1462,1461,1463,1512,1412
1463,1462,1464,1513,1413
1464,1463,1465,1514,1414
1465,1464,1466,1515,1415
1466,1465,1467,1516,1416
1467,1466,1468,1517,1417
1468,1467,1469,1518,1418
1469,1468,1470,1519,1419
1470,1469,1471,1520,1420
1471,1470,1472,1521,1421
1472,1471,1473,1522,1422
1473,1472,1474,1523,1423
1474,1473,1475,1524,1424
1475,1474,1476,1525,1425
1476,1475,1477,1526,1426
1477,1476,1478,1527,1427
1478,1477,1479,1528,1428
1479,1478,1480,1529,1429
1480,1479,1481,1530,1430
1481,1480,1482,1531,1431
1482,1481,1483,1532,1432
1483,1482,1484,1533,1433
1484,1483,1485,1534,1434
1485,1484,1486,1535,1435
1486,1485,1487,1536,1436
1487,1486,1488,1537,1437
1488,1487,1489,1538,1438
1489,1488,1490,1539,1439
1490,1489,1491,1540,1440
1491,1490,1492,1541,1441
1492,1491,1493,1542,1442
1493,1492,1494,1543,1443
1494,1493,1495,1544,1444
1495,1494,1496,1545,1445
1496,1495,1497,1546,1446
1497,1496,1498,1547,1447
1498,1497,1499,1548,1448
1499,1498,1500,1549,1449
1500,1499,1550,1450
1501,1502,1551,1451
1502,1501,1503,1552,1452
1503,1502,1504,1553,1453
1504,1503,1505,1554,1454
1505,1504,1506,1555,1455
1506,1505,1507,1556,1456
1507,1506,1508,1557,1457
1508,1507,1509,1558,1458
1509,1508,1510,1559,1459
1510,1509,1511,1560,1460
1511,1510,1512,1561,1461
1512,1511,1513,1562,1462
1513,1512,1514,1563,1463
1514,1513,1515,1564,1464
1515,1514,1516,1565,1465
1516,1515,1517,1566,1466
1517,1516,1518,1567,1467
1518,1517,1519,1568,1468
1519,1518,1520,1569,1469
1520,1519,1521,1570,1470
1521,1520,1522,1571,1471
1522,1521,1523,1572,1472
1523,1522,1524,1573,1473
1524,1523,1525,1574,1474
1525,1524,1526,1575,1475
1526,1525,1527,1576,1476
1527,1526,1528,1577,1477
1528,1527,1529,1578,1478
1529,1528,1530,1579,1479
1530,1529,1531,1580,1480
1531,1530,1532,1581,1481
1532,1531,1533,1582,1482
1533,1532,1534,1583,1483
1534,1533,1535,1584,1484
1535,1534,1536,1585,1485
1536,1535,1537,1586,1486
1537,1536,1538,1587,1487
1538,1537,1539,1588,1488
1539,1538,1540,1589,1489
1540,1539,1541,1590,1490
1541,1540,1542,1591,1491
1542,1541,1543,1592,1492
1543,1542,1544,1593,1493
1544,1543,1545,1594,1494
1545,1544,1546,1595,1495
1546,1545,1547,1596,1496
1547,1546,1548,1597,1497
1548,1547,1549,1598,1498
1549,1548,1550,1599,1499
1550,1549,1600,1500
1551,1552,1601,1501
1552,1551,1553,1602,1502
1553,1552,1554,1603,1503
1554,1553,1555,1604,1504
1555,1554,1556,1605,1505
1556,1555,1557,1606,1506
1557,1556,1558,1607,1507
1558,1557,1559,1608,1508
1559,1558,1560,1609,1509
1560,1559,1561,1610,1510
1561,1560,1562,1611,1511
1562,1561,1563,1612,1512
1563,1562,1564,1613,1513
1564,1563,1565,1614,1514
1565,1564,1566,1615,1515
1566,1565,1567,1616,1516
1567,1566,1568,1617,1517
1568,1567,1569,1618,1518
1569,1568,1570,1619,1519
1570,1569,1571,1620,1520
1571,1570,1572,1621,1521
1572,1571,1573,1622,1522
1573,1572,1574,1623,1523
1574,1573,1575,1624,1524
1575,1574,1576,1625,1525
1576,1575,1577,1626,1526
1577,1576,1578,1627,1527
1578,1577,1579,1628,1528
1579,1578,1580,1629,1529
1580,1579,1581,1630,1530
1581,1580,1582,1631,1531
1582,1581,1583,1632,1532
1583,1582,1584,1633,1533
1584,1583,1585,1634,1534
1585,1584,1586,1635,1535
1586,1585,1587,1636,1536
1587,1586,1588,1637,1537
1588,1587,1589,1638,1538
1589,1588,1590,1639,1539
1590,1589,1591,1640,1540
1591,1590,1592,1641,1541
1592,1591,1593,1642,1542
1593,1592,1594,1643,1543
1594,1593,1595,1644,1544
1595,1594,1596,1645,1545
1596,1595,1597,1646,1546
1597,1596,1598,1647,1547
1598,1597,1599,1648,1548
1599,1598,1600,1649,1549
1600,1599,1650,1550
1601,1602,1651,1551
1602,1601,1603,1652,1552
1603,1602,1604,1653,1553
1604,1603,1605,1654,1554
1605,1604,1606,1655,1555
1606,1605,1607,1656,1556
1607,1606,1608,1657,1557
1608,1607,1609,1658,1558
1609,1608,1610,1659,1559
1610,1609,1611,1660,1560
1611,1610,1612,1661,1561
1612,1611,1613,1662,1562
1613,1612,1614,1663,1563
1614,1613,1615,1664,1564
1615,1614,1616,1665,1565
1616,1615,1617,1666,1566
1617,1616,1618,1667,1567
1618,1617,1619,1668,1568
1619,1618,1620,1669,1569
1620,1619,1621,1670,1570
1621,1620,1622,1671,1571
1622,1621,1623,1672,1572
1623,1622,1624,1673,1573
1624,1623,1625,1674,1574
1625,1624,1626,1675,1575
1626,1625,1627,1676,1576
1627,1626,1628,1677,1577
1628,1627,1629,1678,1578
1629,1628,1630,1679,1579
1630,1629,1631,1680,1580
1631,1630,1632,1681,1581
1632,1631,1633,1682,1582
1633,1632,1634,1683,1583
1634,1633,1635,1684,1584
1635,1634,1636,1685,1585
1636,1635,1637,1686,1586
1637,1636,1638,1687,1587
1638,1637,1639,1688,1588
1639,1638,1640,1689,1589
1640,1639,1641,1690,1590
1641,1640,1642,1691,1591
1642,1641,1643,1692,1592
1643,1642,1644,1693,1593
1644,1643,1645,1694,1594
1645,1644,1646,1695,1595
1646,1645,1647,1696,1596
1647,1646,1648,1697,1597
1648,1647,1649,1698,1598
1649,1648,1650,1699,1599
1650,1649,1700,1600
1651,1652,1701,1601
1652,1651,1653,1702,1602
1653,1652,1654,1703,1603
1654,1653,1655,1704,1604
1655,1654,1656,1705,1605
1656,1655,1657,1706,1606
1657,1656,1658,1707,1607
1658,1657,1659,1708,1608
1659,1658,1660,1709,1609
1660,1659,1661,1710,1610
1661,1660,1662,1711,1611
1662,1661,1663,1712,1612
1663,1662,1664,1713,1613
1664,1663,1665,1714,1614
1665,1664,1666,1715,1615
1666,1665,1667,1716,1616
1667,1666,1668,1717,1617
1668,1667,1669,1718,1618
1669,1668,1670,1719,1619
1670,1669,1671,1720,1620
1671,1670,1672,1721,1621
1672,1671,1673,1722,1622
1673,1672,1674,1723,1623
1674,1673,1675,1724,1624
1675,1674,1676,1725,1625
1676,1675,1677,1726,1626
1677,1676,1678,1727,1627
1678,1677,1679,1728,1628
1679,1678,1680,1729,1629
1680,1679,1681,1730,1630
1681,1680,1682,1731,1631
1682,1681,1683,1732,1632
1683,1682,1684,1733,1633
1684,1683,1685,1734,1634
1685,1684,1686,1735,1635
1686,1685,1687,1736,1636
1687,1686,1688,1737,1637
1688,1687,1689,1738,1638
1689,1688,1690,1739,1639
1690,1689,1691,1740,1640
1691,1690,1692,1741,1641
1692,1691,1693,1742,1642
1693,1692,1694,1743,1643
1694,1693,1695,1744,1644
1695,1694,1696,1745,1645
1696,1695,1697,1746,1646
1697,1696,1698,1747,1647
1698,1697,1699,1748,1648
1699,1698,1700,1749,1649
1700,1699,1750,1650
1701,1702,1751,1651
1702,1701,1703,1752,1652
1703,1702,1704,1753,1653
1704,1703,1705,1754,1654
1705,1704,1706,1755,1655
1706,1705,1707,1756,1656
1707,1706,1708,1757,1657
1708,1707,1709,1758,1658
1709,1708,1710,1759,1659
1710,1709,1711,1760,1660
1711,1710,1712,1761,1661
1712,1711,1713,1762,1662
1713,1712,1714,1763,1663
1714,1713,1715,1764,1664
1715,1714,1716,1765,1665
1716,1715,1717,1766,1666
1717,1716,1718,1767,1667
1718,1717,1719,1768,1668
1719,1718,1720,1769,1669
1720,1719,1721,1770,1670
1721,1720,1722,1771,1671
1722,1721,1723,1772,1672
1723,1722,1724,1773,1673
1724,1723,1725,1774,1674
1725,1724,1726,1775,1675
1726,1725,1727,1776,1676
1727,1726,1728,1777,1677
1728,1727,1729,1778,1678
1729,1728,1730,1779,1679
1730,1729,1731,1780,1680
1731,1730,1732,1781,1681
1732,1731,1733,1782,1682
1733,1732,1734,1783,1683
1734,1733,1735,1784,1684
1735,1734,1736,1785,1685
1736,1735,1737,1786,1686
1737,1736,1738,1787,1687
1738,1737,1739,1788,1688
1739,1738,1740,1789,1689
1740,1739,1741,1790,1690
1741,1740,1742,1791,1691
1742,1741,1743,1792,1692
1743,1742,1744,1793,1693
1744,1743,1745,1794,1694
1745,1744,1746,1795,1695
1746,1745,1747,1796,1696
1747,1746,1748,1797,1697
1748,1747,1749,1798,1698
1749,1748,1750,1799,1699
1750,1749,1800,1700
1751,1752,1801,1701
1752,1751,1753,1802,1702
1753,1752,1754,1803,1703
1754,1753,1755,1804,1704
1755,1754,1756,1805,1705
1756,1755,1757,1806,1706
1757,1756,1758,1807,1707
1758,1757,1759,1808,1708
1759,1758,1760,1809,1709
1760,1759,1761,1810,1710
1761,1760,1762,1811,1711
1762,1761,1763,1812,1712
1763,1762,1764,1813,1713
1764,1763,1765,1814,1714
1765,1764,1766,1815,1715
1766,1765,1767,1816,1716
1767,1766,1768,1817,1717
1768,1767,1769,1818,1718
1769,1768,1770,1819,1719
1770,1769,1771,1820,1720
1771,1770,1772,1821,1721
1772,1771,1773,1822,1722
1773,1772,1774,1823,1723
1774,1773,1775,1824,1724
1775,1774,1776,1825,1725
1776,1775,1777,1826,1726
1777,1776,1778,1827,1727
1778,1777,1779,1828,1728
1779,1778,1780,1829,1729
1780,1779,1781,1830,1730
1781,1780,1782,1831,1731
1782,1781,1783,1832,1732
1783,1782,1784,1833,1733
1784,1783,1785,1834,1734
1785,1784,1786,1835,1735
1786,1785,1787,1836,1736
1787,1786,1788,1837,1737
1788,1787,1789,1838,1738
1789,1788,1790,1839,1739
1790,1789,1791,1840,1740
1791,1790,1792,1841,1741
1792,1791,1793,1842,1742
1793,1792,1794,1843,1743
1794,1793,1795,1844,1744
1795,1794,1796,1845,1745
1796,1795,1797,1846,1746
1797,1796,1798,1847,1747
1798,1797,1799,1848,1748
1799,1798,1800,1849,1749
1800,1799,1850,1750
1801,1802,1851,1751
1802,1801,1803,1852,1752
1803,1802,1804,1853,1753
1804,1803,1805,1854,1754
1805,1804,1806,1855,1755
1806,1805,1807,1856,1756
1807,1806,1808,1857,1757
1808,1807,1809,1858,1758
1809,1808,1810,1859,1759
1810,1809,1811,1860,1760
1811,1810,1812,1861,1761
1812,1811,1813,1862,1762
1813,1812,1814,1863,1763
1814,1813,1815,1864,1764
1815,1814,1816,1865,1765
1816,1815,1817,1866,1766
1817,1816,1818,1867,1767
1818,1817,1819,1868,1768
1819,1818,1820,1869,1769
1820,1819,1821,1870,1770
1821,1820,1822,1871,1771
1822,1821,1823,1872,1772
1823,1822,1824,1873,1773
1824,1823,1825,1874,1774
1825,1824,1826,1875,1775
1826,1825,1827,1876,1776
1827,1826,1828,1877,1777
1828,1827,1829,1878,1778
1829,1828,1830,1879,1779
1830,1829,1831,1880,1780
1831,1830,1832,1881,1781
1832,1831,1833,1882,1782
1833,1832,1834,1883,1783
1834,1833,1835,1884,1784
1835,1834,1836,1885,1785
1836,1835,1837,1886,1786
1837,1836,1838,1887,1787
1838,1837,1839,1888,1788
1839,1838,1840,1889,1789
1840,1839,1841,1890,1790
1841,1840,1842,1891,1791
1842,1841,1843,1892,1792
1843,1842,1844,1893,1793
1844,1843,1845,1894,1794
1845,1844,1846,1895,1795
1846,1845,1847,1896,1796
1847,1846,1848,1897,1797
1848,1847,1849,1898,1798
1849,1848,1850,1899,1799
1850,1849,1900,1800
1851,1852,1901,1801
1852,1851,1853,1902,1802
1853,1852,1854,1903,1803
1854,1853,1855,1904,1804
1855,1854,1856,1905,1805
1856,1855,1857,1906,1806
1857,1856,1858,1907,1807
1858,1857,1859,1908,1808
1859,1858,1860,1909,1809
1860,1859,1861,1910,1810
1861,1860,1862,1911,1811
1862,1861,1863,1912,1812
1863,1862,1864,1913,1813
1864,1863,1865,1914,1814
1865,1864,1866,1915,1815
1866,1865,1867,1916,1816
1867,1866,1868,1917,1817
1868,1867,1869,1918,1818
1869,1868,1870,1919,1819
1870,1869,1871,1920,1820
1871,1870,1872,1921,1821
1872,1871,1873,1922,1822
1873,1872,1874,1923,1823
1874,1873,1875,1924,1824
1875,1874,1876,1925,1825
1876,1875,1877,1926,1826
1877,1876,1878,1927,1827
1878,1877,1879,1928,1828
1879,1878,1880,1929,1829
1880,1879,1881,1930,1830
1881,1880,1882,1931,1831
1882,1881,1883,1932,1832
1883,1882,1884,1933,1833
1884,1883,1885,1934,1834
1885,1884,1886,1935,1835
1886,1885,1887,1936,1836
1887,1886,1888,1937,1837
1888,1887,1889,1938,1838
1889,1888,1890,1939,1839
1890,1889,1891,1940,1840
1891,1890,1892,1941,1841
1892,1891,1893,1942,1842
1893,1892,1894,1943,1843
1894,1893,1895,1944,1844
1895,1894,1896,1945,1845
1896,1895,1897,1946,1846
1897,1896,1898,1947,1847
1898,1897,1899,1948,1848
1899,1898,1900,1949,1849
1900,1899,1950,1850
1901,1902,1951,1851
1902,1901,1903,1952,1852
1903,1902,1904,1953,1853
1904,1903,1905,1954,1854
1905,1904,1906,1955,1855
1906,1905,1907,1956,1856
1907,1906,1908,1957,1857
1908,1907,1909,1958,1858
1909,1908,1910,1959,1859
1910,1909,1911,1960,1860
1911,1910,1912,1961,1861
1912,1911,1913,1962,1862
1913,1912,1914,1963,1863
1914,1913,1915,1964,1864
1915,1914,1916,1965,1865
1916,1915,1917,1966,1866
1917,1916,1918,1967,1867
1918,1917,1919,1968,1868
1919,1918,1920,1969,1869
1920,1919,1921,1970,1870
1921,1920,1922,1971,1871
1922,1921,1923,1972,1872
1923,1922,1924,1973,1873
1924,1923,1925,1974,1874
1925,1924,1926,1975,1875
1926,1925,1927,1976,1876
1927,1926,1928,1977,1877
1928,1927,1929,1978,1878
1929,1928,1930,1979,1879
1930,1929,1931,1980,1880
1931,1930,1932,1981,1881
1932,1931,1933,1982,1882
1933,1932,1934,1983,1883
1934,1933,1935,1984,1884
1935,1934,1936,1985,1885
1936,1935,1937,1986,1886
1937,1936,1938,1987,1887
1938,1937,1939,1988,1888
1939,1938,1940,1989,1889
1940,1939,1941,1990,1890
1941,1940,1942,1991,1891
1942,1941,1943,1992,1892
1943,1942,1944,1993,1893
1944,1943,1945,1994,1894
1945,1944,1946,1995,1895
1946,1945,1947,1996,1896
1947,1946,1948,1997,1897
1948,1947,1949,1998,1898
1949,1948,1950,1999,1899
1950,1949,2000,1900
1951,1952,2001,1901
1952,1951,1953,2002,1902
1953,1952,1954,2003,1903
1954,1953,1955,2004,1904
1955,1954,1956,2005,1905
1956,1955,1957,2006,1906
1957,1956,1958,2007,1907
1958,1957,1959,2008,1908
1959,1958,1960,2009,1909
1960,1959,1961,2010,1910
1961,1960,1962,2011,1911
1962,1961,1963,2012,1912
1963,1962,1964,2013,1913
1964,1963,1965,2014,1914
1965,1964,1966,2015,1915
1966,1965,1967,2016,1916
1967,1966,1968,2017,1917
1968,1967,1969,2018,1918
1969,1968,1970,2019,1919
1970,1969,1971,2020,1920
1971,1970,1972,2021,1921
1972,1971,1973,2022,1922
1973,1972,1974,2023,1923
1974,1973,1975,2024,1924
1975,1974,1976,2025,1925
1976,1975,1977,2026,1926
1977,1976,1978,2027,1927
1978,1977,1979,2028,1928
1979,1978,1980,2029,1929
1980,1979,1981,2030,1930
1981,1980,1982,2031,1931
1982,1981,1983,2032,1932
1983,1982,1984,2033,1933
1984,1983,1985,2034,1934
1985,1984,1986,2035,1935
1986,1985,1987,2036,1936
1987,1986,1988,2037,1937
1988,1987,1989,2038,1938
1989,1988,1990,2039,1939
1990,1989,1991,2040,1940
1991,1990,1992,2041,1941
1992,1991,1993,2042,1942
1993,1992,1994,2043,1943
1994,1993,1995,2044,1944
1995,1994,1996,2045,1945
1996,1995,1997,2046,1946
1997,1996,1998,2047,1947
1998,1997,1999,2048,1948
1999,1998,2000,2049,1949
2000,1999,2050,1950
2001,2002,2051,1951
2002,2001,2003,2052,1952
2003,2002,2004,2053,1953
2004,2003,2005,2054,1954
2005,2004,2006,2055,1955
2006,2005,2007,2056,1956
2007,2006,2008,2057,1957
2008,2007,2009,2058,1958
2009,2008,2010,2059,1959
2010,2009,2011,2060,1960
2011,2010,2012,2061,1961
2012,2011,2013,2062,1962
2013,2012,2014,2063,1963
2014,2013,2015,2064,1964
2015,2014,2016,2065,1965
2016,2015,2017,2066,1966
2017,2016,2018,2067,1967
2018,2017,2019,2068,1968
2019,2018,2020,2069,1969
2020,2019,2021,2070,1970
2021,2020,2022,2071,1971
2022,2021,2023,2072,1972
2023,2022,2024,2073,1973
2024,2023,2025,2074,1974
2025,2024,2026,2075,1975
2026,2025,2027,2076,1976
2027,2026,2028,2077,1977
2028,2027,2029,2078,1978
2029,2028,2030,2079,1979
2030,2029,2031,2080,1980
2031,2030,2032,2081,1981
2032,2031,2033,2082,1982
2033,2032,2034,2083,1983
2034,2033,2035,2084,1984
2035,2034,2036,2085,1985
2036,2035,2037,2086,1986
2037,2036,2038,2087,1987
2038,2037,2039,2088,1988
2039,2038,2040,2089,1989
2040,2039,2041,2090,1990
2041,2040,2042,2091,1991
2042,2041,2043,2092,1992
2043,2042,2044,2093,1993
2044,2043,2045,2094,1994
2045,2044,2046,2095,1995
2046,2045,2047,2096,1996
2047,2046,2048,2097,1997
2048,2047,2049,2098,1998
2049,2048,2050,2099,1999
2050,2049,2100,2000
2051,2052,2101,2001
2052,2051,2053,2102,2002
2053,2052,2054,2103,2003
2054,2053,2055,2104,2004
2055,2054,2056,2105,2005
2056,2055,2057,2106,2006
2057,2056,2058,2107,2007
2058,2057,2059,2108,2008
2059,2058,2060,2109,2009
2060,2059,2061,2110,2010
2061,2060,2062,2111,2011
2062,2061,2063,2112,2012
2063,2062,2064,2113,2013
2064,2063,2065,2114,2014
2065,2064,2066,2115,2015
2066,2065,2067,2116,2016
2067,2066,2068,2117,2017
2068,2067,2069,2118,2018
2069,2068,2070,2119,2019
2070,2069,2071,2120,2020
2071,2070,2072,2121,2021
2072,2071,2073,2122,2022
2073,2072,2074,2123,2023
2074,2073,2075,2124,2024
2075,2074,2076,2125,2025
2076,2075,2077,2126,2026
2077,2076,2078,2127,2027
2078,2077,2079,2128,2028
2079,2078,2080,2129,2029
2080,2079,2081,2130,2030
2081,2080,2082,2131,2031
2082,2081,2083,2132,2032
2083,2082,2084,2133,2033
2084,2083,2085,2134,2034
2085,2084,2086,2135,2035
2086,2085,2087,2136,2036
2087,2086,2088,2137,2037
2088,2087,2089,2138,2038
2089,2088,2090,2139,2039
2090,2089,2091,2140,2040
2091,2090,2092,2141,2041
2092,2091,2093,2142,2042
2093,2092,2094,2143,2043
2094,2093,2095,2144,2044
2095,2094,2096,2145,2045
2096,2095,2097,2146,2046
2097,2096,2098,2147,2047
2098,2097,2099,2148,2048
2099,2098,2100,2149,2049
2100,2099,2150,2050
2101,2102,2151,2051
2102,2101,2103,2152,2052
2103,2102,2104,2153,2053
2104,2103,2105,2154,2054
2105,2104,2106,2155,2055
2106,2105,2107,2156,2056
2107,2106,2108,2157,2057
2108,2107,2109,2158,2058
2109,2108,2110,2159,2059
2110,2109,2111,2160,2060
2111,2110,2112,2161,2061
2112,2111,2113,2162,2062
2113,2112,2114,2163,2063
2114,2113,2115,2164,2064
2115,2114,2116,2165,2065
2116,2115,2117,2166,2066
2117,2116,2118,2167,2067
2118,2117,2119,2168,2068
2119,2118,2120,2169,2069
2120,2119,2121,2170,2070
2121,2120,2122,2171,2071
2122,2121,2123,2172,2072
2123,2122,2124,2173,2073
2124,2123,2125,2174,2074
2125,2124,2126,2175,2075
2126,2125,2127,2176,2076
2127,2126,2128,2177,2077
2128,2127,2129,2178,2078
2129,2128,2130,2179,2079
2130,2129,2131,2180,2080
2131,2130,2132,2181,2081
2132,2131,2133,2182,2082
2133,2132,2134,2183,2083
2134,2133,2135,2184,2084
2135,2134,2136,2185,2085
2136,2135,2137,2186,2086
2137,2136,2138,2187,2087
2138,2137,2139,2188,2088
2139,2138,2140,2189,2089
2140,2139,2141,2190,2090
2141,2140,2142,2191,2091
2142,2141,2143,2192,2092
2143,2142,2144,2193,2093
2144,2143,2145,2194,2094
2145,2144,2146,2195,2095
2146,2145,2147,2196,2096
2147,2146,2148,2197,2097
2148,2147,2149,2198,2098
2149,2148,2150,2199,2099
2150,2149,2200,2100
2151,2152,2201,2101
2152,2151,2153,2202,2102
2153,2152,2154,2203,2103
2154,2153,2155,2204,2104
2155,2154,2156,2205,2105
2156,2155,2157,2206,2106
2157,2156,2158,2207,2107
2158,2157,2159,2208,2108
2159,2158,2160,2209,2109
2160,2159,2161,2210,2110
2161,2160,2162,2211,2111
2162,2161,2163,2212,2112
2163,2162,2164,2213,2113
2164,2163,2165,2214,2114
2165,2164,2166,2215,2115
2166,2165,2167,2216,2116
2167,2166,2168,2217,2117
2168,2167,2169,2218,2118
2169,2168,2170,2219,2119
2170,2169,2171,2220,2120
2171,2170,2172,2221,2121
2172,2171,2173,2222,2122
2173,2172,2174,2223,2123
2174,2173,2175,2224,2124
2175,2174,2176,2225,2125
2176,2175,2177,2226,2126
2177,2176,2178,2227,2127
2178,2177,2179,2228,2128
2179,2178,2180,2229,2129
2180,2179,2181,2230,2130
2181,2180,2182,2231,2131
2182,2181,2183,2232,2132
2183,2182,2184,2233,2133
2184,2183,2185,2234,2134
2185,2184,2186,2235,2135
2186,2185,2187,2236,2136
2187,2186,2188,2237,2137
2188,2187,2189,2238,2138
2189,2188,2190,2239,2139
2190,2189,2191,2240,2140
2191,2190,2192,2241,2141
2192,2191,2193,2242,2142
2193,2192,2194,2243,2143
2194,2193,2195,2244,2144
2195,2194,2196,2245,2145
2196,2195,2197,2246,2146
2197,2196,2198,2247,2147
2198,2197,2199,2248,2148
2199,2198,2200,2249,2149
2200,2199,2250,2150
2201,2202,2251,2151
2202,2201,2203,2252,2152
2203,2202,2204,2253,2153
2204,2203,2205,2254,2154
2205,2204,2206,2255,2155
2206,2205,2207,2256,2156
2207,2206,2208,2257,2157
2208,2207,2209,2258,2158
2209,2208,2210,2259,2159
2210,2209,2211,2260,2160
2211,2210,2212,2261,2161
2212,2211,2213,2262,2162
2213,2212,2214,2263,2163
2214,2213,2215,2264,2164
2215,2214,2216,2265,2165
2216,2215,2217,2266,2166
2217,2216,2218,2267,2167
2218,2217,2219,2268,2168
2219,2218,2220,2269,2169
2220,2219,2221,2270,2170
2221,2220,2222,2271,2171
2222,2221,2223,2272,2172
2223,2222,2224,2273,2173
2224,2223,2225,2274,2174
2225,2224,2226,2275,2175
2226,2225,2227,2276,2176
2227,2226,2228,2277,2177
2228,2227,2229,2278,2178
2229,2228,2230,2279,2179
2230,2229,2231,2280,2180
2231,2230,2232,2281,2181
2232,2231,2233,2282,2182
2233,2232,2234,2283,2183
2234,2233,2235,2284,2184
2235,2234,2236,2285,2185
2236,2235,2237,2286,2186
2237,2236,2238,2287,2187
2238,2237,2239,2288,2188
2239,2238,2240,2289,2189
2240,2239,2241,2290,2190
2241,2240,2242,2291,2191
2242,2241,2243,2292,2192
2243,2242,2244,2293,2193
2244,2243,2245,2294,2194
2245,2244,2246,2295,2195
2246,2245,2247,2296,2196
2247,2246,2248,2297,2197
2248,2247,2249,2298,2198
2249,2248,2250,2299,2199
2250,2249,2300,2200
2251,2252,2301,2201
2252,2251,2253,2302,2202
2253,2252,2254,2303,2203
2254,2253,2255,2304,2204
2255,2254,2256,2305,2205
2256,2255,2257,2306,2206
2257,2256,2258,2307,2207
2258,2257,2259,2308,2208
2259,2258,2260,2309,2209
2260,2259,2261,2310,2210
2261,2260,2262,2311,2211
2262,2261,2263,2312,2212
2263,2262,2264,2313,2213
2264,2263,2265,2314,2214
2265,2264,2266,2315,2215
2266,2265,2267,2316,2216
2267,2266,2268,2317,2217
2268,2267,2269,2318,2218
2269,2268,2270,2319,2219
2270,2269,2271,2320,2220
2271,2270,2272,2321,2221
2272,2271,2273,2322,2222
2273,2272,2274,2323,2223
2274,2273,2275,2324,2224
2275,2274,2276,2325,2225
2276,2275,2277,2326,2226
2277,2276,2278,2327,2227
2278,2277,2279,2328,2228
2279,2278,2280,2329,2229
2280,2279,2281,2330,2230
2281,2280,2282,2331,2231
2282,2281,2283,2332,2232
2283,2282,2284,2333,2233
2284,2283,2285,2334,2234
2285,2284,2286,2335,2235
2286,2285,2287,2336,2236
2287,2286,2288,2337,2237
2288,2287,2289,2338,2238
2289,2288,2290,2339,2239
2290,2289,2291,2340,2240
2291,2290,2292,2341,2241
2292,2291,2293,2342,2242
2293,2292,2294,2343,2243
2294,2293,2295,2344,2244
2295,2294,2296,2345,2245
2296,2295,2297,2346,2246
2297,2296,2298,2347,2247
2298,2297,2299,2348,2248
2299,2298,2300,2349,2249
2300,2299,2350,2250
2301,2302,2351,2251
2302,2301,2303,2352,2252
2303,2302,2304,2353,2253
2304,2303,2305,2354,2254
2305,2304,2306,2355,2255
2306,2305,2307,2356,2256
2307,2306,2308,2357,2257
2308,2307,2309,2358,2258
2309,2308,2310,2359,2259
2310,2309,2311,2360,2260
2311,2310,2312,2361,2261
2312,2311,2313,2362,2262
2313,2312,2314,2363,2263
2314,2313,2315,2364,2264
2315,2314,2316,2365,2265
2316,2315,2317,2366,2266
2317,2316,2318,2367,2267
2318,2317,2319,2368,2268
2319,2318,2320,2369,2269
2320,2319,2321,2370,2270
2321,2320,2322,2371,2271
2322,2321,2323,2372,2272
2323,2322,2324,2373,2273
2324,2323,2325,2374,2274
2325,2324,2326,2375,2275
2326,2325,2327,2376,2276
2327,2326,2328,2377,2277
2328,2327,2329,2378,2278
2329,2328,2330,2379,2279
2330,2329,2331,2380,2280
2331,2330,2332,2381,2281
2332,2331,2333,2382,2282
2333,2332,2334,2383,2283
2334,2333,2335,2384,2284
2335,2334,2336,2385,2285
2336,2335,2337,2386,2286
2337,2336,2338,2387,2287
2338,2337,2339,2388,2288
2339,2338,2340,2389,2289
2340,2339,2341,2390,2290
2341,2340,2342,2391,2291
2342,2341,2343,2392,2292
2343,2342,2344,2393,2293
2344,2343,2345,2394,2294
2345,2344,2346,2395,2295
2346,2345,2347,2396,2296
2347,2346,2348,2397,2297
2348,2347,2349,2398,2298
2349,2348,2350,2399,2299
2350,2349,2400,2300
2351,2352,2401,2301
2352,2351,2353,2402,2302
2353,2352,2354,2403,2303
2354,2353,2355,2404,2304
2355,2354,2356,2405,2305
2356,2355,2357,2406,2306
2357,2356,2358,2407,2307
2358,2357,2359,2408,2308
2359,2358,2360,2409,2309
2360,2359,2361,2410,2310
2361,2360,2362,2411,2311
2362,2361,2363,2412,2312
2363,2362,2364,2413,2313
2364,2363,2365,2414,2314
2365,2364,2366,2415,2315
2366,2365,2367,2416,2316
2367,2366,2368,2417,2317
2368,2367,2369,2418,2318
2369,2368,2370,2419,2319
2370,2369,2371,2420,2320
2371,2370,2372,2421,2321
2372,2371,2373,2422,2322
2373,2372,2374,2423,2323
2374,2373,2375,2424,2324
2375,2374,2376,2425,2325
2376,2375,2377,2426,2326
2377,2376,2378,2427,2327
2378,2377,2379,2428,2328
2379,2378,2380,2429,2329
2380,2379,2381,2430,2330
2381,2380,2382,2431,2331
2382,2381,2383,2432,2332
2383,2382,2384,2433,2333
2384,2383,2385,2434,2334
2385,2384,2386,2435,2335
2386,2385,2387,2436,2336
2387,2386,2388,2437,2337
2388,2387,2389,2438,2338
2389,2388,2390,2439,2339
2390,2389,2391,2440,2340
2391,2390,2392,2441,2341
2392,2391,2393,2442,2342
2393,2392,2394,2443,2343
2394,2393,2395,2444,2344
2395,2394,2396,2445,2345
2396,2395,2397,2446,2346
2397,2396,2398,2447,2347
2398,2397,2399,2448,2348
2399,2398,2400,2449,2349
2400,2399,2450,2350
2401,2402,2451,2351
2402,2401,2403,2452,2352
2403,2402,2404,2453,2353
2404,2403,2405,2454,2354
2405,2404,2406,2455,2355
2406,2405,2407,2456,2356
2407,2406,2408,2457,2357
2408,2407,2409,2458,2358
2409,2408,2410,2459,2359
2410,2409,2411,2460,2360
2411,2410,2412,2461,2361
2412,2411,2413,2462,2362
2413,2412,2414,2463,2363
2414,2413,2415,2464,2364
2415,2414,2416,2465,2365
2416,2415,2417,2466,2366
2417,2416,2418,2467,2367
2418,2417,2419,2468,2368
2419,2418,2420,2469,2369
2420,2419,2421,2470,2370
2421,2420,2422,2471,2371
2422,2421,2423,2472,2372
2423,2422,2424,2473,2373
2424,2423,2425,2474,2374
2425,2424,2426,2475,2375
2426,2425,2427,2476,2376
2427,2426,2428,2477,2377
2428,2427,2429,2478,2378
2429,2428,2430,2479,2379
2430,2429,2431,2480,2380
2431,2430,2432,2481,2381
2432,2431,2433,2482,2382
2433,2432,2434,2483,2383
2434,2433,2435,2484,2384
2435,2434,2436,2485,2385
2436,2435,2437,2486,2386
2437,2436,2438,2487,2387
2438,2437,2439,2488,2388
2439,2438,2440,2489,2389
2440,2439,2441,2490,2390
2441,2440,2442,2491,2391
2442,2441,2443,2492,2392
2443,2442,2444,2493,2393
2444,2443,2445,2494,2394
2445,2444,2446,2495,2395
2446,2445,2447,2496,2396
2447,2446,2448,2497,2397
2448,2447,2449,2498,2398
2449,2448,2450,2499,2399
2450,2449,2500,2400
2451,2452,2401
2452,2451,2453,2402
2453,2452,2454,2403
2454,2453,2455,2404
2455,2454,2456,2405
2456,2455,2457,2406
2457,2456,2458,2407
2458,2457,2459,2408
2459,2458,2460,2409
2460,2459,2461,2410
2461,2460,2462,2411
2462,2461,2463,2412
2463,2462,2464,2413
2464,2463,2465,2414
2465,2464,2466,2415
2466,2465,2467,2416
2467,2466,2468,2417
2468,2467,2469,2418
2469,2468,2470,2419
2470,2469,2471,2420
2471,2470,2472,2421
2472,2471,2473,2422
2473,2472,2474,2423
2474,2473,2475,2424
2475,2474,2476,2425
2476,2475,2477,2426
2477,2476,2478,2427
2478,2477,2479,2428
2479,2478,2480,2429
2480,2479,2481,2430
2481,2480,2482,2431
2482,2481,2483,2432
2483,2482,2484,2433
2484,2483,2485,2434
2485,2484,2486,2435
2486,2485,2487,2436
2487,2486,2488,2437
2488,2487,2489,2438
2489,2488,2490,2439
2490,2489,2491,2440
2491,2490,2492,2441
2492,2491,2493,2442
2493,2492,2494,2443
2494,2493,2495,2444
2495,2494,2496,2445
2496,2495,2497,2446
2497,2496,2498,2447
2498,2497,2499,2448
2499,2498,2500,2449
2500,2499,2450
