1,0,0,0
2,1,0,0
3,2,0,0
4,3,0,0
5,4,0,0
6,5,0,0
7,6,0,0
8,7,0,0
9,8,0,0
10,9,0,0
11,10,0,0
12,11,0,0
13,12,0,0
14,13,0,0
15,14,0,0
16,15,0,0
17,16,0,0
18,17,0,0
19,18,0,0
20,19,0,0
21,20,0,0
22,21,0,0
23,22,0,0
24,23,0,0
25,24,0,0
26,25,0,0
27,26,0,0
28,27,0,0
29,28,0,0
30,29,0,0
31,30,0,0
32,31,0,0
33,32,0,0
34,33,0,0
35,34,0,0
36,35,0,0
37,36,0,0
38,37,0,0
39,38,0,0
40,39,0,0
41,40,0,0
42,41,0,0
43,42,0,0
44,43,0,0
45,44,0,0
46,45,0,0
47,46,0,0
48,47,0,0
49,48,0,0
50,49,0,0
51,0,1,0
52,1,1,0
53,2,1,0
54,3,1,0
55,4,1,0
56,5,1,0
57,6,1,0
58,7,1,0
59,8,1,0
60,9,1,0
61,10,1,0
62,11,1,0
63,12,1,0
64,13,1,0
65,14,1,0
66,15,1,0
67,16,1,0
68,17,1,0
69,18,1,0
70,19,1,0
71,20,1,0
72,21,1,0
73,22,1,0
74,23,1,0
75,24,1,0
76,25,1,0
77,26,1,0
78,27,1,0
79,28,1,0
80,29,1,0
81,30,1,0
82,31,1,0
83,32,1,0
84,33,1,0
85,34,1,0
86,35,1,0
87,36,1,0
88,37,1,0
89,38,1,0
90,39,1,0
91,40,1,0
92,41,1,0
93,42,1,0
94,43,1,0
95,44,1,0
96,45,1,0
97,46,1,0
98,47,1,0
99,48,1,0
100,49,1,0
101,0,2,0
102,1,2,0
103,2,2,0
104,3,2,0
105,4,2,0
106,5,2,0
107,6,2,0
108,7,2,0
109,8,2,0
110,9,2,0
111,10,2,0
112,11,2,0
113,12,2,0
114,13,2,0
115,14,2,0
116,15,2,0
117,16,2,0
118,17,2,0
119,18,2,0
120,19,2,0
121,20,2,0
122,21,2,0
123,22,2,0
124,23,2,0
125,24,2,0
126,25,2,0
127,26,2,0
128,27,2,0
129,28,2,0
130,29,2,0
131,30,2,0
132,31,2,0
133,32,2,0
134,33,2,0
135,34,2,0
136,35,2,0
137,36,2,0
138,37,2,0
139,38,2,0
140,39,2,0
141,40,2,0
142,41,2,0
143,42,2,0
144,43,2,0
145,44,2,0
146,45,2,0
147,46,2,0
148,47,2,0
149,48,2,0
150,49,2,0
151,0,3,0
152,1,3,0
153,2,3,0
154,3,3,0
155,4,3,0
156,5,3,0
157,6,3,0
158,7,3,0
159,8,3,0
160,9,3,0
161,10,3,0
162,11,3,0
163,12,3,0
164,13,3,0
165,14,3,0
166,15,3,0
167,16,3,0
168,17,3,0
169,18,3,0
170,19,3,0
171,20,3,0
172,21,3,0
173,22,3,0
174,23,3,0
175,24,3,0
176,25,3,0
177,26,3,0
178,27,3,0
179,28,3,0
180,29,3,0
181,30,3,0
182,31,3,0
183,32,3,0
184,33,3,0
185,34,3,0
186,35,3,0
187,36,3,0
188,37,3,0
189,38,3,0
190,39,3,0
191,40,3,0
192,41,3,0
193,42,3,0
194,43,3,0
195,44,3,0
196,45,3,0
197,46,3,0
198,47,3,0
199,48,3,0
200,49,3,0
201,0,4,0
202,1,4,0
203,2,4,0
204,3,4,0
205,4,4,0
206,5,4,0
207,6,4,0
208,7,4,0
209,8,4,0
210,9,4,0
211,10,4,0
212,11,4,0
213,12,4,0
214,13,4,0
215,14,4,0
216,15,4,0
217,16,4,0
218,17,4,0
219,18,4,0
220,19,4,0
221,20,4,0
222,21,4,0
223,22,4,0
224,23,4,0
225,24,4,0
226,25,4,0
227,26,4,0
228,27,4,0
229,28,4,0
230,29,4,0
231,30,4,0
232,31,4,0
233,32,4,0
234,33,4,0
235,34,4,0
236,35,4,0
237,36,4,0
238,37,4,0
239,38,4,0
240,39,4,0
241,40,4,0
242,41,4,0
243,42,4,0
244,43,4,0
245,44,4,0
246,45,4,0
247,46,4,0
248,47,4,0
249,48,4,0
250,49,4,0
251,0,5,0
252,1,5,0
253,2,5,0
254,3,5,0
255,4,5,0
256,5,5,0
257,6,5,0
258,7,5,0
259,8,5,0
260,9,5,0
261,10,5,0
262,11,5,0
263,12,5,0
264,13,5,0
265,14,5,0
266,15,5,0
267,16,5,0
268,17,5,0
269,18,5,0
270,19,5,0
271,20,5,0
272,21,5,0
273,22,5,0
274,23,5,0
275,24,5,0
276,25,5,0
277,26,5,0
278,27,5,0
279,28,5,0
280,29,5,0
281,30,5,0
282,31,5,0
283,32,5,0
284,33,5,0
285,34,5,0
286,35,5,0
287,36,5,0
288,37,5,0
289,38,5,0
290,39,5,0
291,40,5,0
292,41,5,0
293,42,5,0
294,43,5,0
295,44,5,0
296,45,5,0
297,46,5,0
298,47,5,0
299,48,5,0
300,49,5,0
301,0,6,0
302,1,6,0
303,2,6,0
304,3,6,0
305,4,6,0
306,5,6,0
307,6,6,0
308,7,6,0
309,8,6,0
310,9,6,0
311,10,6,0
312,11,6,0
313,12,6,0
314,13,6,0
315,14,6,0
316,15,6,0
317,16,6,0
318,17,6,0
319,18,6,0
320,19,6,0
321,20,6,0
322,21,6,0
323,22,6,0
324,23,6,0
325,24,6,0
326,25,6,0
327,26,6,0
328,27,6,0
329,28,6,0
330,29,6,0
331,30,6,0
332,31,6,0
333,32,6,0
334,33,6,0
335,34,6,0
336,35,6,0
337,36,6,0
338,37,6,0
339,38,6,0
340,39,6,0
341,40,6,0
342,41,6,0
343,42,6,0
344,43,6,0
345,44,6,0
346,45,6,0
347,46,6,0
348,47,6,0
349,48,6,0
350,49,6,0
351,0,7,0
352,1,7,0
353,2,7,0
354,3,7,0
355,4,7,0
356,5,7,0
357,6,7,0
358,7,7,0
359,8,7,0
360,9,7,0
361,10,7,0
362,11,7,0
363,12,7,0
364,13,7,0
365,14,7,0
366,15,7,0
367,16,7,0
368,17,7,0
369,18,7,0
370,19,7,0
371,20,7,0
372,21,7,0
373,22,7,0
374,23,7,0
375,24,7,0
376,25,7,0
377,26,7,0
378,27,7,0
379,28,7,0
380,29,7,0
381,30,7,0
382,31,7,0
383,32,7,0
384,33,7,0
385,34,7,0
386,35,7,0
387,36,7,0
388,37,7,0
389,38,7,0
390,39,7,0
391,40,7,0
392,41,7,0
393,42,7,0
394,43,7,0
395,44,7,0
396,45,7,0
397,46,7,0
398,47,7,0
399,48,7,0
400,49,7,0
401,0,8,0
402,1,8,0
403,2,8,0
404,3,8,0
405,4,8,0
406,5,8,0
407,6,8,0
408,7,8,0
409,8,8,0
410,9,8,0
411,10,8,0
412,11,8,0
413,12,8,0
414,13,8,0
415,14,8,0
416,15,8,0
417,16,8,0
418,17,8,0
419,18,8,0
420,19,8,0
421,20,8,0
422,21,8,0
423,22,8,0
424,23,8,0
425,24,8,0
426,25,8,0
427,26,8,0
428,27,8,0
429,28,8,0
430,29,8,0
431,30,8,0
432,31,8,0
433,32,8,0
434,33,8,0
435,34,8,0
436,35,8,0
437,36,8,0
438,37,8,0
439,38,8,0
440,39,8,0
441,40,8,0
442,41,8,0
443,42,8,0
444,43,8,0
445,44,8,0
446,45,8,0
447,46,8,0
448,47,8,0
449,48,8,0
450,49,8,0
451,0,9,0
452,1,9,0
453,2,9,0
454,3,9,0
455,4,9,0
456,5,9,0
457,6,9,0
458,7,9,0
459,8,9,0
460,9,9,0
461,10,9,0
462,11,9,0
463,12,9,0
464,13,9,0
465,14,9,0
466,15,9,0
467,16,9,0
468,17,9,0
469,18,9,0
470,19,9,0
471,20,9,0
472,21,9,0
473,22,9,0
474,23,9,0
475,24,9,0
476,25,9,0
477,26,9,0
478,27,9,0
479,28,9,0
480,29,9,0
481,30,9,0
482,31,9,0
483,32,9,0
484,33,9,0
485,34,9,0
486,35,9,0
487,36,9,0
488,37,9,0
489,38,9,0
490,39,9,0
491,40,9,0
492,41,9,0
493,42,9,0
494,43,9,0
495,44,9,0
496,45,9,0
497,46,9,0
498,47,9,0
499,48,9,0
500,49,9,0
501,0,10,0
502,1,10,0
503,2,10,0
504,3,10,0
505,4,10,0
506,5,10,0
507,6,10,0
508,7,10,0
509,8,10,0
510,9,10,0
511,10,10,0
512,11,10,0
513,12,10,0
514,13,10,0
515,14,10,0
516,15,10,0
517,16,10,0
518,17,10,0
519,18,10,0
520,19,10,0
521,20,10,0
522,21,10,0
523,22,10,0
524,23,10,0
525,24,10,0
526,25,10,0
527,26,10,0
528,27,10,0
529,28,10,0
530,29,10,0
531,30,10,0
532,31,10,0
533,32,10,0
534,33,10,0
535,34,10,0
536,35,10,0
537,36,10,0
538,37,10,0
539,38,10,0
540,39,10,0
541,40,10,0
542,41,10,0
543,42,10,0
544,43,10,0
545,44,10,0
546,45,10,0
547,46,10,0
548,47,10,0
549,48,10,0
550,49,10,0
551,0,11,0
552,1,11,0
553,2,11,0
554,3,11,0
555,4,11,0
556,5,11,0
557,6,11,0
558,7,11,0
559,8,11,0
560,9,11,0
561,10,11,0
562,11,11,0
563,12,11,0
564,13,11,0
565,14,11,0
566,15,11,0
567,16,11,0
568,17,11,0
569,18,11,0
570,19,11,0
571,20,11,0
572,21,11,0
573,22,11,0
574,23,11,0
575,24,11,0
576,25,11,0
577,26,11,0
578,27,11,0
579,28,11,0
580,29,11,0
581,30,11,0
582,31,11,0
583,32,11,0
584,33,11,0
585,34,11,0
586,35,11,0
587,36,11,0
588,37,11,0
589,38,11,0
590,39,11,0
591,40,11,0
592,41,11,0
593,42,11,0
594,43,11,0
595,44,11,0
596,45,11,0
597,46,11,0
598,47,11,0
599,48,11,0
600,49,11,0
601,0,12,0
602,1,12,0
603,2,12,0
604,3,12,0
605,4,12,0
606,5,12,0
607,6,12,0
608,7,12,0
609,8,12,0
610,9,12,0
611,10,12,0
612,11,12,0
613,12,12,0
614,13,12,0
615,14,12,0
616,15,12,0
617,16,12,0
618,17,12,0
619,18,12,0
620,19,12,0
621,20,12,0
622,21,12,0
623,22,12,0
624,23,12,0
625,24,12,0
626,25,12,0
627,26,12,0
628,27,12,0
629,28,12,0
630,29,12,0
631,30,12,0
632,31,12,0
633,32,12,0
634,33,12,0
635,34,12,0
636,35,12,0
637,36,12,0
638,37,12,0
639,38,12,0
640,39,12,0
641,40,12,0
642,41,12,0
643,42,12,0
644,43,12,0
645,44,12,0
646,45,12,0
647,46,12,0
648,47,12,0
649,48,12,0
650,49,12,0
651,0,13,0
652,1,13,0
653,2,13,0
654,3,13,0
655,4,13,0
656,5,13,0
657,6,13,0
658,7,13,0
659,8,13,0
660,9,13,0
661,10,13,0
662,11,13,0
663,12,13,0
664,13,13,0
665,14,13,0
666,15,13,0
667,16,13,0
668,17,13,0
669,18,13,0
670,19,13,0
671,20,13,0
672,21,13,0
673,22,13,0
674,23,13,0
675,24,13,0
676,25,13,0
677,26,13,0
678,27,13,0
679,28,13,0
680,29,13,0
681,30,13,0
682,31,13,0
683,32,13,0
684,33,13,0
685,34,13,0
686,35,13,0
687,36,13,0
688,37,13,0
689,38,13,0
690,39,13,0
691,40,13,0
692,41,13,0
693,42,13,0
694,43,13,0
695,44,13,0
696,45,13,0
697,46,13,0
698,47,13,0
699,48,13,0
700,49,13,0
701,0,14,0
702,1,14,0
703,2,14,0
704,3,14,0
705,4,14,0
706,5,14,0
707,6,14,0
708,7,14,0
709,8,14,0
710,9,14,0
711,10,14,0
712,11,14,0
713,12,14,0
714,13,14,0
715,14,14,0
716,15,14,0
717,16,14,0
718,17,14,0
719,18,14,0
720,19,14,0
721,20,14,0
722,21,14,0
723,22,14,0
724,23,14,0
725,24,14,0
726,25,14,0
727,26,14,0
728,27,14,0
729,28,14,0
730,29,14,0
731,30,14,0
732,31,14,0
733,32,14,0
734,33,14,0
735,34,14,0
736,35,14,0
737,36,14,0
738,37,14,0
739,38,14,0
740,39,14,0
741,40,14,0
742,41,14,0
743,42,14,0
744,43,14,0
745,44,14,0
746,45,14,0
747,46,14,0
748,47,14,0
749,48,14,0
750,49,14,0
751,0,15,0
752,1,15,0
753,2,15,0
754,3,15,0
755,4,15,0
756,5,15,0
757,6,15,0
758,7,15,0
759,8,15,0
760,9,15,0
761,10,15,0
762,11,15,0
763,12,15,0
764,13,15,0
765,14,15,0
766,15,15,0
767,16,15,0
768,17,15,0
769,18,15,0
770,19,15,0
771,20,15,0
772,21,15,0
773,22,15,0
774,23,15,0
775,24,15,0
776,25,15,0
777,26,15,0
778,27,15,0
779,28,15,0
780,29,15,0
781,30,15,0
782,31,15,0
783,32,15,0
784,33,15,0
785,34,15,0
786,35,15,0
787,36,15,0
788,37,15,0
789,38,15,0
790,39,15,0
791,40,15,0
792,41,15,0
793,42,15,0
794,43,15,0
795,44,15,0
796,45,15,0
797,46,15,0
798,47,15,0
799,48,15,0
800,49,15,0
801,0,16,0
802,1,16,0
803,2,16,0
804,3,16,0
805,4,16,0
806,5,16,0
807,6,16,0
808,7,16,0
809,8,16,0
810,9,16,0
811,10,16,0
812,11,16,0
813,12,16,0
814,13,16,0
815,14,16,0
816,15,16,0
817,16,16,0
818,17,16,0
819,18,16,0
820,19,16,0
821,20,16,0
822,21,16,0
823,22,16,0
824,23,16,0
825,24,16,0
826,25,16,0
827,26,16,0
828,27,16,0
829,28,16,0
830,29,16,0
831,30,16,0
832,31,16,0
833,32,16,0
834,33,16,0
835,34,16,0
836,35,16,0
837,36,16,0
838,37,16,0
839,38,16,0
840,39,16,0
841,40,16,0
842,41,16,0
843,42,16,0
844,43,16,0
845,44,16,0
846,45,16,0
847,46,16,0
848,47,16,0
849,48,16,0
850,49,16,0
851,0,17,0
852,1,17,0
853,2,17,0
854,3,17,0
855,4,17,0
856,5,17,0
857,6,17,0
858,7,17,0
859,8,17,0
860,9,17,0
861,10,17,0
862,11,17,0
863,12,17,0
864,13,17,0
865,14,17,0
866,15,17,0
867,16,17,0
868,17,17,0
869,18,17,0
870,19,17,0
871,20,17,0
872,21,17,0
873,22,17,0
874,23,17,0
875,24,17,0
876,25,17,0
877,26,17,0
878,27,17,0
879,28,17,0
880,29,17,0
881,30,17,0
882,31,17,0
883,32,17,0
884,33,17,0
885,34,17,0
886,35,17,0
887,36,17,0
888,37,17,0
889,38,17,0
890,39,17,0
891,40,17,0
892,41,17,0
893,42,17,0
894,43,17,0
895,44,17,0
896,45,17,0
897,46,17,0
898,47,17,0
899,48,17,0
900,49,17,0
901,0,18,0
902,1,18,0
903,2,18,0
904,3,18,0
905,4,18,0
906,5,18,0
907,6,18,0
908,7,18,0
909,8,18,0
910,9,18,0
911,10,18,0
912,11,18,0
913,12,18,0
914,13,18,0
915,14,18,0
916,15,18,0
917,16,18,0
918,17,18,0
919,18,18,0
920,19,18,0
921,20,18,0
922,21,18,0
923,22,18,0
924,23,18,0
925,24,18,0
926,25,18,0
927,26,18,0
928,27,18,0
929,28,18,0
930,29,18,0
931,30,18,0
932,31,18,0
933,32,18,0
934,33,18,0
935,34,18,0
936,35,18,0
937,36,18,0
938,37,18,0
939,38,18,0
940,39,18,0
941,40,18,0
942,41,18,0
943,42,18,0
944,43,18,0
945,44,18,0
946,45,18,0
947,46,18,0
948,47,18,0
949,48,18,0
950,49,18,0
951,0,19,0
952,1,19,0
953,2,19,0
954,3,19,0
955,4,19,0
956,5,19,0
957,6,19,0
958,7,19,0
959,8,19,0
960,9,19,0
961,10,19,0
962,11,19,0
963,12,19,0
964,13,19,0
965,14,19,0
966,15,19,0
967,16,19,0
968,17,19,0
969,18,19,0
970,19,19,0
971,20,19,0
972,21,19,0
973,22,19,0
974,23,19,0
975,24,19,0
976,25,19,0
977,26,19,0
978,27,19,0
979,28,19,0
980,29,19,0
981,30,19,0
982,31,19,0
983,32,19,0
984,33,19,0
985,34,19,0
986,35,19,0
987,36,19,0
988,37,19,0
989,38,19,0
990,39,19,0
991,40,19,0
992,41,19,0
993,42,19,0
994,43,19,0
995,44,19,0
996,45,19,0
997,46,19,0
998,47,19,0
999,48,19,0
1000,49,19,0
1001,0,20,0
1002,1,20,0
1003,2,20,0
1004,3,20,0
1005,4,20,0
1006,5,20,0
1007,6,20,0
1008,7,20,0
1009,8,20,0
1010,9,20,0
1011,10,20,0
1012,11,20,0
1013,12,20,0
1014,13,20,0
1015,14,20,0
1016,15,20,0
1017,16,20,0
1018,17,20,0
1019,18,20,0
1020,19,20,0
1021,20,20,0
1022,21,20,0
1023,22,20,0
1024,23,20,0
1025,24,20,0
1026,25,20,0
1027,26,20,0
1028,27,20,0
1029,28,20,0
1030,29,20,0
1031,30,20,0
1032,31,20,0
1033,32,20,0
1034,33,20,0
1035,34,20,0
1036,35,20,0
1037,36,20,0
1038,37,20,0
1039,38,20,0
1040,39,20,0
1041,40,20,0
1042,41,20,0
1043,42,20,0
1044,43,20,0
1045,44,20,0
1046,45,20,0
1047,46,20,0
1048,47,20,0
1049,48,20,0
1050,49,20,0
1051,0,21,0
1052,1,21,0
1053,2,21,0
1054,3,21,0
1055,4,21,0
1056,5,21,0
1057,6,21,0
1058,7,21,0
1059,8,21,0
1060,9,21,0
1061,10,21,0
1062,11,21,0
1063,12,21,0
1064,13,21,0
1065,14,21,0
1066,15,21,0
1067,16,21,0
1068,17,21,0
1069,18,21,0
1070,19,21,0
1071,20,21,0
1072,21,21,0
1073,22,21,0
1074,23,21,0
1075,24,21,0
1076,25,21,0
1077,26,21,0
1078,27,21,0
1079,28,21,0
1080,29,21,0
1081,30,21,0
1082,31,21,0
1083,32,21,0
1084,33,21,0
1085,34,21,0
1086,35,21,0
1087,36,21,0
1088,37,21,0
1089,38,21,0
1090,39,21,0
1091,40,21,0
1092,41,21,0
1093,42,21,0
1094,43,21,0
1095,44,21,0
1096,45,21,0
1097,46,21,0
1098,47,21,0
1099,48,21,0
1100,49,21,0
1101,0,22,0
1102,1,22,0
1103,2,22,0
1104,3,22,0
1105,4,22,0
1106,5,22,0
1107,6,22,0
1108,7,22,0
1109,8,22,0
1110,9,22,0
1111,10,22,0
1112,11,22,0
1113,12,22,0
1114,13,22,0
1115,14,22,0
1116,15,22,0
1117,16,22,0
1118,17,22,0
1119,18,22,0
1120,19,22,0
1121,20,22,0
1122,21,22,0
1123,22,22,0
1124,23,22,0
1125,24,22,0
1126,25,22,0
1127,26,22,0
1128,27,22,0
1129,28,22,0
1130,29,22,0
1131,30,22,0
1132,31,22,0
1133,32,22,0
1134,33,22,0
1135,34,22,0
1136,35,22,0
1137,36,22,0
1138,37,22,0
1139,38,22,0
1140,39,22,0
1141,40,22,0
1142,41,22,0
1143,42,22,0
1144,43,22,0
1145,44,22,0
1146,45,22,0
1147,46,22,0
1148,47,22,0
1149,48,22,0
1150,49,22,0
1151,0,23,0
1152,1,23,0
1153,2,23,0
1154,3,23,0
1155,4,23,0
1156,5,23,0
1157,6,23,0
1158,7,23,0
1159,8,23,0
1160,9,23,0
1161,10,23,0
1162,11,23,0
1163,12,23,0
1164,13,23,0
1165,14,23,0
1166,15,23,0
1167,16,23,0
1168,17,23,0
1169,18,23,0
1170,19,23,0
1171,20,23,0
1172,21,23,0
1173,22,23,0
1174,23,23,0
1175,24,23,0
1176,25,23,0
1177,26,23,0
1178,27,23,0
1179,28,23,0
1180,29,23,0
1181,30,23,0
1182,31,23,0
1183,32,23,0
1184,33,23,0
1185,34,23,0
1186,35,23,0
1187,36,23,0
1188,37,23,0
1189,38,23,0
1190,39,23,0
1191,40,23,0
1192,41,23,0
1193,42,23,0
1194,43,23,0
1195,44,23,0
1196,45,23,0
1197,46,23,0
1198,47,23,0
1199,48,23,0
1200,49,23,0
1201,0,24,0
1202,1,24,0
1203,2,24,0
1204,3,24,0
1205,4,24,0
1206,5,24,0
1207,6,24,0
1208,7,24,0
1209,8,24,0
1210,9,24,0
1211,10,24,0
1212,11,24,0
1213,12,24,0
1214,13,24,0
1215,14,24,0
1216,15,24,0
1217,16,24,0
1218,17,24,0
1219,18,24,0
1220,19,24,0
1221,20,24,0
1222,21,24,0
1223,22,24,0
1224,23,24,0
1225,24,24,0
1226,25,24,0
1227,26,24,0
1228,27,24,0
1229,28,24,0
1230,29,24,0
1231,30,24,0
1232,31,24,0
1233,32,24,0
1234,33,24,0
1235,34,24,0
1236,35,24,0
1237,36,24,0
1238,37,24,0
1239,38,24,0
1240,39,24,0
1241,40,24,0
1242,41,24,0
1243,42,24,0
1244,43,24,0
1245,44,24,0
1246,45,24,0
1247,46,24,0
1248,47,24,0
1249,48,24,0
1250,49,24,0
1251,0,25,0
1252,1,25,0
1253,2,25,0
1254,3,25,0
1255,4,25,0
1256,5,25,0
1257,6,25,0
1258,7,25,0
1259,8,25,0
1260,9,25,0
1261,10,25,0
1262,11,25,0
1263,12,25,0
1264,13,25,0
1265,14,25,0
1266,15,25,0
1267,16,25,0
1268,17,25,0
1269,18,25,0
1270,19,25,0
1271,20,25,0
1272,21,25,0
1273,22,25,0
1274,23,25,0
1275,24,25,0
1276,25,25,0
1277,26,25,0
1278,27,25,0
1279,28,25,0
1280,29,25,0
1281,30,25,0
1282,31,25,0
1283,32,25,0
1284,33,25,0
1285,34,25,0
1286,35,25,0
1287,36,25,0
1288,37,25,0
1289,38,25,0
1290,39,25,0
1291,40,25,0
1292,41,25,0
1293,42,25,0
1294,43,25,0
1295,44,25,0
1296,45,25,0
1297,46,25,0
1298,47,25,0
1299,48,25,0
1300,49,25,0
1301,0,26,0
1302,1,26,0
1303,2,26,0
1304,3,26,0
1305,4,26,0
1306,5,26,0
1307,6,26,0
1308,7,26,0
1309,8,26,0
1310,9,26,0
1311,10,26,0
1312,11,26,0
1313,12,26,0
1314,13,26,0
1315,14,26,0
1316,15,26,0
1317,16,26,0
1318,17,26,0
1319,18,26,0
1320,19,26,0
1321,20,26,0
1322,21,26,0
1323,22,26,0
1324,23,26,0
1325,24,26,0
1326,25,26,0
1327,26,26,0
1328,27,26,0
1329,28,26,0
1330,29,26,0
1331,30,26,0
1332,31,26,0
1333,32,26,0
1334,33,26,0
1335,34,26,0
1336,35,26,0
1337,36,26,0
1338,37,26,0
1339,38,26,0
1340,39,26,0
1341,40,26,0
1342,41,26,0
1343,42,26,0
1344,43,26,0
1345,44,26,0
1346,45,26,0
1347,46,26,0
1348,47,26,0
1349,48,26,0
1350,49,26,0
1351,0,27,0
1352,1,27,0
1353,2,27,0
1354,3,27,0
1355,4,27,0
1356,5,27,0
1357,6,27,0
1358,7,27,0
1359,8,27,0
1360,9,27,0
1361,10,27,0
1362,11,27,0
1363,12,27,0
1364,13,27,0
1365,14,27,0
1366,15,27,0
1367,16,27,0
1368,17,27,0
1369,18,27,0
1370,19,27,0
1371,20,27,0
1372,21,27,0
1373,22,27,0
1374,23,27,0
1375,24,27,0
1376,25,27,0
1377,26,27,0
1378,27,27,0
1379,28,27,0
1380,29,27,0
1381,30,27,0
1382,31,27,0
1383,32,27,0
1384,33,27,0
1385,34,27,0
1386,35,27,0
1387,36,27,0
1388,37,27,0
1389,38,27,0
1390,39,27,0
1391,40,27,0
1392,41,27,0
1393,42,27,0
1394,43,27,0
1395,44,27,0
1396,45,27,0
1397,46,27,0
1398,47,27,0
1399,48,27,0
1400,49,27,0
1401,0,28,0
1402,1,28,0
1403,2,28,0
1404,3,28,0
1405,4,28,0
1406,5,28,0
1407,6,28,0
1408,7,28,0
1409,8,28,0
1410,9,28,0
1411,10,28,0
1412,11,28,0
1413,12,28,0
1414,13,28,0
1415,14,28,0
1416,15,28,0
1417,16,28,0
1418,17,28,0
1419,18,28,0
1420,19,28,0
1421,20,28,0
1422,21,28,0
1423,22,28,0
1424,23,28,0
1425,24,28,0
1426,25,28,0
1427,26,28,0
1428,27,28,0
1429,28,28,0
1430,29,28,0
1431,30,28,0
1432,31,28,0
1433,32,28,0
1434,33,28,0
1435,34,28,0
1436,35,28,0
1437,36,28,0
1438,37,28,0
1439,38,28,0
1440,39,28,0
1441,40,28,0
1442,41,28,0
1443,42,28,0
1444,43,28,0
1445,44,28,0
1446,45,28,0
1447,46,28,0
1448,47,28,0
1449,48,28,0
1450,49,28,0
1451,0,29,0
1452,1,29,0
1453,2,29,0
1454,3,29,0
1455,4,29,0
1456,5,29,0
1457,6,29,0
1458,7,29,0
1459,8,29,0
1460,9,29,0
1461,10,29,0
1462,11,29,0
1463,12,29,0
1464,13,29,0
1465,14,29,0
1466,15,29,0
1467,16,29,0
1468,17,29,0
1469,18,29,0
1470,19,29,0
1471,20,29,0
1472,21,29,0
1473,22,29,0
1474,23,29,0
1475,24,29,0
1476,25,29,0
1477,26,29,0
1478,27,29,0
1479,28,29,0
1480,29,29,0
1481,30,29,0
1482,31,29,0
1483,32,29,0
1484,33,29,0
1485,34,29,0
1486,35,29,0
1487,36,29,0
1488,37,29,0
1489,38,29,0
1490,39,29,0
1491,40,29,0
1492,41,29,0
1493,42,29,0
1494,43,29,0
1495,44,29,0
1496,45,29,0
1497,46,29,0
1498,47,29,0
1499,48,29,0
1500,49,29,0
1501,0,30,0
1502,1,30,0
1503,2,30,0
1504,3,30,0
1505,4,30,0
1506,5,30,0
1507,6,30,0
1508,7,30,0
1509,8,30,0
1510,9,30,0
1511,10,30,0
1512,11,30,0
1513,12,30,0
1514,13,30,0
1515,14,30,0
1516,15,30,0
1517,16,30,0
1518,17,30,0
1519,18,30,0
1520,19,30,0
1521,20,30,0
1522,21,30,0
1523,22,30,0
1524,23,30,0
1525,24,30,0
1526,25,30,0
1527,26,30,0
1528,27,30,0
1529,28,30,0
1530,29,30,0
1531,30,30,0
1532,31,30,0
1533,32,30,0
1534,33,30,0
1535,34,30,0
1536,35,30,0
1537,36,30,0
1538,37,30,0
1539,38,30,0
1540,39,30,0
1541,40,30,0
1542,41,30,0
1543,42,30,0
1544,43,30,0
1545,44,30,0
1546,45,30,0
1547,46,30,0
1548,47,30,0
1549,48,30,0
1550,49,30,0
1551,0,31,0
1552,1,31,0
1553,2,31,0
1554,3,31,0
1555,4,31,0
1556,5,31,0
1557,6,31,0
1558,7,31,0
1559,8,31,0
1560,9,31,0
1561,10,31,0
1562,11,31,0
1563,12,31,0
1564,13,31,0
1565,14,31,0
1566,15,31,0
1567,16,31,0
1568,17,31,0
1569,18,31,0
1570,19,31,0
1571,20,31,0
1572,21,31,0
1573,22,31,0
1574,23,31,0
1575,24,31,0
1576,25,31,0
1577,26,31,0
1578,27,31,0
1579,28,31,0
1580,29,31,0
1581,30,31,0
1582,31,31,0
1583,32,31,0
1584,33,31,0
1585,34,31,0
1586,35,31,0
1587,36,31,0
1588,37,31,0
1589,38,31,0
1590,39,31,0
1591,40,31,0
1592,41,31,0
1593,42,31,0
1594,43,31,0
1595,44,31,0
1596,45,31,0
1597,46,31,0
1598,47,31,0
1599,48,31,0
1600,49,31,0
1601,0,32,0
1602,1,32,0
1603,2,32,0
1604,3,32,0
1605,4,32,0
1606,5,32,0
1607,6,32,0
1608,7,32,0
1609,8,32,0
1610,9,32,0
1611,10,32,0
1612,11,32,0
1613,12,32,0
1614,13,32,0
1615,14,32,0
1616,15,32,0
1617,16,32,0
1618,17,32,0
1619,18,32,0
1620,19,32,0
1621,20,32,0
1622,21,32,0
1623,22,32,0
1624,23,32,0
1625,24,32,0
1626,25,32,0
1627,26,32,0
1628,27,32,0
1629,28,32,0
1630,29,32,0
1631,30,32,0
1632,31,32,0
1633,32,32,0
1634,33,32,0
1635,34,32,0
1636,35,32,0
1637,36,32,0
1638,37,32,0
1639,38,32,0
1640,39,32,0
1641,40,32,0
1642,41,32,0
1643,42,32,0
1644,43,32,0
1645,44,32,0
1646,45,32,0
1647,46,32,0
1648,47,32,0
1649,48,32,0
1650,49,32,0
1651,0,33,0
1652,1,33,0
1653,2,33,0
1654,3,33,0
1655,4,33,0
1656,5,33,0
1657,6,33,0
1658,7,33,0
1659,8,33,0
1660,9,33,0
1661,10,33,0
1662,11,33,0
1663,12,33,0
1664,13,33,0
1665,14,33,0
1666,15,33,0
1667,16,33,0
1668,17,33,0
1669,18,33,0
1670,19,33,0
1671,20,33,0
1672,21,33,0
1673,22,33,0
1674,23,33,0
1675,24,33,0
1676,25,33,0
1677,26,33,0
1678,27,33,0
1679,28,33,0
1680,29,33,0
1681,30,33,0
1682,31,33,0
1683,32,33,0
1684,33,33,0
1685,34,33,0
1686,35,33,0
1687,36,33,0
1688,37,33,0
1689,38,33,0
1690,39,33,0
1691,40,33,0
1692,41,33,0
1693,42,33,0
1694,43,33,0
1695,44,33,0
1696,45,33,0
1697,46,33,0
1698,47,33,0
1699,48,33,0
1700,49,33,0
1701,0,34,0
1702,1,34,0
1703,2,34,0
1704,3,34,0
1705,4,34,0
1706,5,34,0
1707,6,34,0
1708,7,34,0
1709,8,34,0
1710,9,34,0
1711,10,34,0
1712,11,34,0
1713,12,34,0
1714,13,34,0
1715,14,34,0
1716,15,34,0
1717,16,34,0
1718,17,34,0
1719,18,34,0
1720,19,34,0
1721,20,34,0
1722,21,34,0
1723,22,34,0
1724,23,34,0
1725,24,34,0
1726,25,34,0
1727,26,34,0
1728,27,34,0
1729,28,34,0
1730,29,34,0
1731,30,34,0
1732,31,34,0
1733,32,34,0
1734,33,34,0
1735,34,34,0
1736,35,34,0
1737,36,34,0
1738,37,34,0
1739,38,34,0
1740,39,34,0
1741,40,34,0
1742,41,34,0
1743,42,34,0
1744,43,34,0
1745,44,34,0
1746,45,34,0
1747,46,34,0
1748,47,34,0
1749,48,34,0
1750,49,34,0
1751,0,35,0
1752,1,35,0
1753,2,35,0
1754,3,35,0
1755,4,35,0
1756,5,35,0
1757,6,35,0
1758,7,35,0
1759,8,35,0
1760,9,35,0
1761,10,35,0
1762,11,35,0
1763,12,35,0
1764,13,35,0
1765,14,35,0
1766,15,35,0
1767,16,35,0
1768,17,35,0
1769,18,35,0
1770,19,35,0
1771,20,35,0
1772,21,35,0
1773,22,35,0
1774,23,35,0
1775,24,35,0
1776,25,35,0
1777,26,35,0
1778,27,35,0
1779,28,35,0
1780,29,35,0
1781,30,35,0
1782,31,35,0
1783,32,35,0
1784,33,35,0
1785,34,35,0
1786,35,35,0
1787,36,35,0
1788,37,35,0
1789,38,35,0
1790,39,35,0
1791,40,35,0
1792,41,35,0
1793,42,35,0
1794,43,35,0
1795,44,35,0
1796,45,35,0
1797,46,35,0
1798,47,35,0
1799,48,35,0
1800,49,35,0
1801,0,36,0
1802,1,36,0
1803,2,36,0
1804,3,36,0
1805,4,36,0
1806,5,36,0
1807,6,36,0
1808,7,36,0
1809,8,36,0
1810,9,36,0
1811,10,36,0
1812,11,36,0
1813,12,36,0
1814,13,36,0
1815,14,36,0
1816,15,36,0
1817,16,36,0
1818,17,36,0
1819,18,36,0
1820,19,36,0
1821,20,36,0
1822,21,36,0
1823,22,36,0
1824,23,36,0
1825,24,36,0
1826,25,36,0
1827,26,36,0
1828,27,36,0
1829,28,36,0
1830,29,36,0
1831,30,36,0
1832,31,36,0
1833,32,36,0
1834,33,36,0
1835,34,36,0
1836,35,36,0
1837,36,36,0
1838,37,36,0
1839,38,36,0
1840,39,36,0
1841,40,36,0
1842,41,36,0
1843,42,36,0
1844,43,36,0
1845,44,36,0
1846,45,36,0
1847,46,36,0
1848,47,36,0
1849,48,36,0
1850,49,36,0
1851,0,37,0
1852,1,37,0
1853,2,37,0
1854,3,37,0
1855,4,37,0
1856,5,37,0
1857,6,37,0
1858,7,37,0
1859,8,37,0
1860,9,37,0
1861,10,37,0
1862,11,37,0
1863,12,37,0
1864,13,37,0
1865,14,37,0
1866,15,37,0
1867,16,37,0
1868,17,37,0
1869,18,37,0
1870,19,37,0
1871,20,37,0
1872,21,37,0
1873,22,37,0
1874,23,37,0
1875,24,37,0
1876,25,37,0
1877,26,37,0
1878,27,37,0
1879,28,37,0
1880,29,37,0
1881,30,37,0
1882,31,37,0
1883,32,37,0
1884,33,37,0
1885,34,37,0
1886,35,37,0
1887,36,37,0
1888,37,37,0
1889,38,37,0
1890,39,37,0
1891,40,37,0
1892,41,37,0
1893,42,37,0
1894,43,37,0
1895,44,37,0
1896,45,37,0
1897,46,37,0
1898,47,37,0
1899,48,37,0
1900,49,37,0
1901,0,38,0
1902,1,38,0
1903,2,38,0
1904,3,38,0
1905,4,38,0
1906,5,38,0
1907,6,38,0
1908,7,38,0
1909,8,38,0
1910,9,38,0
1911,10,38,0
1912,11,38,0
1913,12,38,0
1914,13,38,0
1915,14,38,0
1916,15,38,0
1917,16,38,0
1918,17,38,0
1919,18,38,0
1920,19,38,0
1921,20,38,0
1922,21,38,0
1923,22,38,0
1924,23,38,0
1925,24,38,0
1926,25,38,0
1927,26,38,0
1928,27,38,0
1929,28,38,0
1930,29,38,0
1931,30,38,0
1932,31,38,0
1933,32,38,0
1934,33,38,0
1935,34,38,0
1936,35,38,0
1937,36,38,0
1938,37,38,0
1939,38,38,0
1940,39,38,0
1941,40,38,0
1942,41,38,0
1943,42,38,0
1944,43,38,0
1945,44,38,0
1946,45,38,0
1947,46,38,0
1948,47,38,0
1949,48,38,0
1950,49,38,0
1951,0,39,0
1952,1,39,0
1953,2,39,0
1954,3,39,0
1955,4,39,0
1956,5,39,0
1957,6,39,0
1958,7,39,0
1959,8,39,0
1960,9,39,0
1961,10,39,0
1962,11,39,0
1963,12,39,0
1964,13,39,0
1965,14,39,0
1966,15,39,0
1967,16,39,0
1968,17,39,0
1969,18,39,0
1970,19,39,0
1971,20,39,0
1972,21,39,0
1973,22,39,0
1974,23,39,0
1975,24,39,0
1976,25,39,0
1977,26,39,0
1978,27,39,0
1979,28,39,0
1980,29,39,0
1981,30,39,0
1982,31,39,0
1983,32,39,0
1984,33,39,0
1985,34,39,0
1986,35,39,0
1987,36,39,0
1988,37,39,0
1989,38,39,0
1990,39,39,0
1991,40,39,0
1992,41,39,0
1993,42,39,0
1994,43,39,0
1995,44,39,0
1996,45,39,0
1997,46,39,0
1998,47,39,0
1999,48,39,0
2000,49,39,0
2001,0,40,0
2002,1,40,0
2003,2,40,0
2004,3,40,0
2005,4,40,0
2006,5,40,0
2007,6,40,0
2008,7,40,0
2009,8,40,0
2010,9,40,0
2011,10,40,0
2012,11,40,0
2013,12,40,0
2014,13,40,0
2015,14,40,0
2016,15,40,0
2017,16,40,0
2018,17,40,0
2019,18,40,0
2020,19,40,0
2021,20,40,0
2022,21,40,0
2023,22,40,0
2024,23,40,0
2025,24,40,0
2026,25,40,0
2027,26,40,0
2028,27,40,0
2029,28,40,0
2030,29,40,0
2031,30,40,0
2032,31,40,0
2033,32,40,0
2034,33,40,0
2035,34,40,0
2036,35,40,0
2037,36,40,0
2038,37,40,0
2039,38,40,0
2040,39,40,0
2041,40,40,0
2042,41,40,0
2043,42,40,0
2044,43,40,0
2045,44,40,0
2046,45,40,0
2047,46,40,0
2048,47,40,0
2049,48,40,0
2050,49,40,0
2051,0,41,0
2052,1,41,0
2053,2,41,0
2054,3,41,0
2055,4,41,0
2056,5,41,0
2057,6,41,0
2058,7,41,0
2059,8,41,0
2060,9,41,0
2061,10,41,0
2062,11,41,0
2063,12,41,0
2064,13,41,0
2065,14,41,0
2066,15,41,0
2067,16,41,0
2068,17,41,0
2069,18,41,0
2070,19,41,0
2071,20,41,0
2072,21,41,0
2073,22,41,0
2074,23,41,0
2075,24,41,0
2076,25,41,0
2077,26,41,0
2078,27,41,0
2079,28,41,0
2080,29,41,0
2081,30,41,0
2082,31,41,0
2083,32,41,0
2084,33,41,0
2085,34,41,0
2086,35,41,0
2087,36,41,0
2088,37,41,0
2089,38,41,0
2090,39,41,0
2091,40,41,0
2092,41,41,0
2093,42,41,0
2094,43,41,0
2095,44,41,0
2096,45,41,0
2097,46,41,0
2098,47,41,0
2099,48,41,0
2100,49,41,0
2101,0,42,0
2102,1,42,0
2103,2,42,0
2104,3,42,0
2105,4,42,0
2106,5,42,0
2107,6,42,0
2108,7,42,0
2109,8,42,0
2110,9,42,0
2111,10,42,0
2112,11,42,0
2113,12,42,0
2114,13,42,0
2115,14,42,0
2116,15,42,0
2117,16,42,0
2118,17,42,0
2119,18,42,0
2120,19,42,0
2121,20,42,0
2122,21,42,0
2123,22,42,0
2124,23,42,0
2125,24,42,0
2126,25,42,0
2127,26,42,0
2128,27,42,0
2129,28,42,0
2130,29,42,0
2131,30,42,0
2132,31,42,0
2133,32,42,0
2134,33,42,0
2135,34,42,0
2136,35,42,0
2137,36,42,0
2138,37,42,0
2139,38,42,0
2140,39,42,0
2141,40,42,0
2142,41,42,0
2143,42,42,0
2144,43,42,0
2145,44,42,0
2146,45,42,0
2147,46,42,0
2148,47,42,0
2149,48,42,0
2150,49,42,0
2151,0,43,0
2152,1,43,0
2153,2,43,0
2154,3,43,0
2155,4,43,0
2156,5,43,0
2157,6,43,0
2158,7,43,0
2159,8,43,0
2160,9,43,0
2161,10,43,0
2162,11,43,0
2163,12,43,0
2164,13,43,0
2165,14,43,0
2166,15,43,0
2167,16,43,0
2168,17,43,0
2169,18,43,0
2170,19,43,0
2171,20,43,0
2172,21,43,0
2173,22,43,0
2174,23,43,0
2175,24,43,0
2176,25,43,0
2177,26,43,0
2178,27,43,0
2179,28,43,0
2180,29,43,0
2181,30,43,0
2182,31,43,0
2183,32,43,0
2184,33,43,0
2185,34,43,0
2186,35,43,0
2187,36,43,0
2188,37,43,0
2189,38,43,0
2190,39,43,0
2191,40,43,0
2192,41,43,0
2193,42,43,0
2194,43,43,0
2195,44,43,0
2196,45,43,0
2197,46,43,0
2198,47,43,0
2199,48,43,0
2200,49,43,0
2201,0,44,0
2202,1,44,0
2203,2,44,0
2204,3,44,0
2205,4,44,0
2206,5,44,0
2207,6,44,0
2208,7,44,0
2209,8,44,0
2210,9,44,0
2211,10,44,0
2212,11,44,0
2213,12,44,0
2214,13,44,0
2215,14,44,0
2216,15,44,0
2217,16,44,0
2218,17,44,0
2219,18,44,0
2220,19,44,0
2221,20,44,0
2222,21,44,0
2223,22,44,0
2224,23,44,0
2225,24,44,0
2226,25,44,0
2227,26,44,0
2228,27,44,0
2229,28,44,0
2230,29,44,0
2231,30,44,0
2232,31,44,0
2233,32,44,0
2234,33,44,0
2235,34,44,0
2236,35,44,0
2237,36,44,0
2238,37,44,0
2239,38,44,0
2240,39,44,0
2241,40,44,0
2242,41,44,0
2243,42,44,0
2244,43,44,0
2245,44,44,0
2246,45,44,0
2247,46,44,0
2248,47,44,0
2249,48,44,0
2250,49,44,0
2251,0,45,0
2252,1,45,0
2253,2,45,0
2254,3,45,0
2255,4,45,0
2256,5,45,0
2257,6,45,0
2258,7,45,0
2259,8,45,0
2260,9,45,0
2261,10,45,0
2262,11,45,0
2263,12,45,0
2264,13,45,0
2265,14,45,0
2266,15,45,0
2267,16,45,0
2268,17,45,0
2269,18,45,0
2270,19,45,0
2271,20,45,0
2272,21,45,0
2273,22,45,0
2274,23,45,0
2275,24,45,0
2276,25,45,0
2277,26,45,0
2278,27,45,0
2279,28,45,0
2280,29,45,0
2281,30,45,0
2282,31,45,0
2283,32,45,0
2284,33,45,0
2285,34,45,0
2286,35,45,0
2287,36,45,0
2288,37,45,0
2289,38,45,0
2290,39,45,0
2291,40,45,0
2292,41,45,0
2293,42,45,0
2294,43,45,0
2295,44,45,0
2296,45,45,0
2297,46,45,0
2298,47,45,0
2299,48,45,0
2300,49,45,0
2301,0,46,0
2302,1,46,0
2303,2,46,0
2304,3,46,0
2305,4,46,0
2306,5,46,0
2307,6,46,0
2308,7,46,0
2309,8,46,0
2310,9,46,0
2311,10,46,0
2312,11,46,0
2313,12,46,0
2314,13,46,0
2315,14,46,0
2316,15,46,0
2317,16,46,0
2318,17,46,0
2319,18,46,0
2320,19,46,0
2321,20,46,0
2322,21,46,0
2323,22,46,0
2324,23,46,0
2325,24,46,0
2326,25,46,0
2327,26,46,0
2328,27,46,0
2329,28,46,0
2330,29,46,0
2331,30,46,0
2332,31,46,0
2333,32,46,0
2334,33,46,0
2335,34,46,0
2336,35,46,0
2337,36,46,0
2338,37,46,0
2339,38,46,0
2340,39,46,0
2341,40,46,0
2342,41,46,0
2343,42,46,0
2344,43,46,0
2345,44,46,0
2346,45,46,0
2347,46,46,0
2348,47,46,0
2349,48,46,0
2350,49,46,0
2351,0,47,0
2352,1,47,0
2353,2,47,0
2354,3,47,0
2355,4,47,0
2356,5,47,0
2357,6,47,0
2358,7,47,0
2359,8,47,0
2360,9,47,0
2361,10,47,0
2362,11,47,0
2363,12,47,0
2364,13,47,0
2365,14,47,0
2366,15,47,0
2367,16,47,0
2368,17,47,0
2369,18,47,0
2370,19,47,0
2371,20,47,0
2372,21,47,0
2373,22,47,0
2374,23,47,0
2375,24,47,0
2376,25,47,0
2377,26,47,0
2378,27,47,0
2379,28,47,0
2380,29,47,0
2381,30,47,0
2382,31,47,0
2383,32,47,0
2384,33,47,0
2385,34,47,0
2386,35,47,0
2387,36,47,0
2388,37,47,0
2389,38,47,0
2390,39,47,0
2391,40,47,0
2392,41,47,0
2393,42,47,0
2394,43,47,0
2395,44,47,0
2396,45,47,0
2397,46,47,0
2398,47,47,0
2399,48,47,0
2400,49,47,0
2401,0,48,0
2402,1,48,0
2403,2,48,0
2404,3,48,0
2405,4,48,0
2406,5,48,0
2407,6,48,0
2408,7,48,0
2409,8,48,0
2410,9,48,0
2411,10,48,0
2412,11,48,0
2413,12,48,0
2414,13,48,0
2415,14,48,0
2416,15,48,0
2417,16,48,0
2418,17,48,0
2419,18,48,0
2420,19,48,0
2421,20,48,0
2422,21,48,0
2423,22,48,0
2424,23,48,0
2425,24,48,0
2426,25,48,0
2427,26,48,0
2428,27,48,0
2429,28,48,0
2430,29,48,0
2431,30,48,0
2432,31,48,0
2433,32,48,0
2434,33,48,0
2435,34,48,0
2436,35,48,0
2437,36,48,0
2438,37,48,0
2439,38,48,0
2440,39,48,0
2441,40,48,0
2442,41,48,0
2443,42,48,0
2444,43,48,0
2445,44,48,0
2446,45,48,0
2447,46,48,0
2448,47,48,0
2449,48,48,0
2450,49,48,0
2451,0,49,0
2452,1,49,0
2453,2,49,0
2454,3,49,0
2455,4,49,0
2456,5,49,0
2457,6,49,0
2458,7,49,0
2459,8,49,0
2460,9,49,0
2461,10,49,0
2462,11,49,0
2463,12,49,0
2464,13,49,0
2465,14,49,0
2466,15,49,0
2467,16,49,0
2468,17,49,0
2469,18,49,0
2470,19,49,0
2471,20,49,0
2472,21,49,0
2473,22,49,0
2474,23,49,0
2475,24,49,0
2476,25,49,0
2477,26,49,0
2478,27,49,0
2479,28,49,0
2480,29,49,0
2481,30,49,0
2482,31,49,0
2483,32,49,0
2484,33,49,0
2485,34,49,0
2486,35,49,0
2487,36,49,0
2488,37,49,0
2489,38,49,0
2490,39,49,0
2491,40,49,0
2492,41,49,0
2493,42,49,0
2494,43,49,0
2495,44,49,0
2496,45,49,0
2497,46,49,0
2498,47,49,0
2499,48,49,0
2500,49,49,0
