12
136
286
159
34
33
99
25
180
21
125
157
30
112
106
55
9
122
56
62
79
42
11
121
61
63
120
22
103
22
111
187
68
103
3
190
102
55
105
29
124
102
39
3
187
19
8
175
40
152
17
3
43
37
113
18
48
102
2
113
11
88
126
32
175
101
35
42
26
273
120
80
32
85
113
24
112
31
28
128
198
2
144
44
69
159
194
7
189
32
113
76
15
58
21
17
96
100
35
30
12
157
285
151
24
26
91
25
176
21
84
151
29
110
76
21
12
121
50
49
83
43
15
112
62
53
119
21
54
28
156
188
66
103
3
187
102
59
104
25
116
64
45
3
205
19
8
183
40
153
17
3
49
36
112
19
48
143
3
131
15
115
137
31
183
102
40
42
23
213
120
90
45
76
115
13
102
46
28
131
201
3
142
74
73
159
193
5
188
29
112
76
22
53
19
26
96
102
32
11
