0
1
138
3
4
260
6
7
653
9
10
604
12
13
621
15
16
139
18
19
598
21
22
137
24
25
857
27
28
711
30
31
717
33
34
17
36
37
240
39
40
674
42
43
960
45
46
197
48
49
461
51
52
662
54
55
204
57
58
441
60
61
291
63
64
221
66
67
283
69
70
143
72
73
250
75
76
795
78
79
843
81
82
564
84
85
901
87
88
209
90
91
53
93
94
902
96
97
765
99
100
74
102
103
8
105
106
302
108
109
83
111
112
304
114
115
352
117
118
657
120
121
910
123
124
457
126
127
65
129
130
204
132
133
601
135
136
886
138
139
598
141
142
639
144
145
745
147
148
727
150
151
83
153
154
325
156
157
927
159
160
894
162
163
622
165
166
88
168
169
256
171
172
914
174
175
200
177
178
996
180
181
554
183
184
579
186
187
630
189
190
865
192
193
726
195
196
736
198
199
644
201
202
457
204
205
721
207
208
251
210
211
834
213
214
977
216
217
924
219
220
107
222
223
644
225
226
958
228
229
854
231
232
360
234
235
626
237
238
54
240
241
161
243
244
834
246
247
996
249
250
768
252
253
315
255
256
801
258
259
671
261
262
813
264
265
121
267
268
555
270
271
430
273
274
655
276
277
484
279
280
228
282
283
81
285
286
265
288
289
523
291
292
269
294
295
957
297
298
220
300
301
512
303
304
58
306
307
134
309
310
494
312
313
593
315
316
995
318
319
452
321
322
892
324
325
626
327
328
940
330
331
871
333
334
750
336
337
87
339
340
391
342
343
98
345
346
447
348
349
70
351
352
354
354
355
922
357
358
458
360
361
255
363
364
34
366
367
917
369
370
741
372
373
748
375
376
899
378
379
280
381
382
720
384
385
223
387
388
106
390
391
648
393
394
472
396
397
720
399
400
120
402
403
971
405
406
593
408
409
13
411
412
263
414
415
468
417
418
758
420
421
618
423
424
645
426
427
693
429
430
638
432
433
942
435
436
816
438
439
184
441
442
950
444
445
671
447
448
66
450
451
80
453
454
862
456
457
22
459
460
362
462
463
379
465
466
507
468
469
67
471
472
974
474
475
88
477
478
28
480
481
673
483
484
771
486
487
584
489
490
44
492
493
887
495
496
822
498
499
470
501
502
387
504
505
814
507
508
234
510
511
457
513
514
958
516
517
22
519
520
778
522
523
111
525
526
428
528
529
209
531
532
66
534
535
973
537
538
189
540
541
516
543
544
620
546
547
937
549
550
51
552
553
401
555
556
291
558
559
9
561
562
403
564
565
559
567
568
531
570
571
865
573
574
916
576
577
32
579
580
234
582
583
287
585
586
606
588
589
166
591
592
429
594
595
987
597
598
50
600
601
168
603
604
692
606
607
637
609
610
833
612
613
592
615
616
447
618
619
434
621
622
742
624
625
298
627
628
628
630
631
35
633
634
384
636
637
998
639
640
843
642
643
523
645
646
857
648
649
30
651
652
338
654
655
705
657
658
945
660
661
615
663
664
451
666
667
918
669
670
333
672
673
758
675
676
799
678
679
944
681
682
912
684
685
651
687
688
783
690
691
472
693
694
793
696
697
38
699
700
216
702
703
271
705
706
209
708
709
256
711
712
174
714
715
403
717
718
183
720
721
319
723
724
131
726
727
610
729
730
704
732
733
155
735
736
413
738
739
709
741
742
743
744
745
56
747
748
62
750
751
816
753
754
242
756
757
120
759
760
215
762
763
765
765
766
56
768
769
806
771
772
4
774
775
456
777
778
200
780
781
259
783
784
471
786
787
478
789
790
587
792
793
14
795
796
498
798
799
48
801
802
954
804
805
397
807
808
988
810
811
857
813
814
502
816
817
263
819
820
490
822
823
304
825
826
961
828
829
589
831
832
377
834
835
841
837
838
433
840
841
982
843
844
643
846
847
32
849
850
562
852
853
220
855
856
581
858
859
236
861
862
380
864
865
51
867
868
64
870
871
573
873
874
196
876
877
228
879
880
32
882
883
71
885
886
59
888
889
333
891
892
233
894
895
504
897
898
651
900
901
186
903
904
344
906
907
937
909
910
105
912
913
67
915
916
47
918
919
534
921
922
482
924
925
187
927
928
949
930
931
826
933
934
723
936
937
359
939
940
32
942
943
139
945
946
606
948
949
391
951
952
136
954
955
270
957
958
658
960
961
338
963
964
101
966
967
823
969
970
636
972
973
223
975
976
194
978
979
661
981
982
277
984
985
796
987
988
995
990
991
14
993
994
20
996
997
201
999
