0
1
695
3
4
836
6
7
361
9
10
473
12
13
769
15
16
412
18
19
804
21
22
260
24
25
370
27
28
101
30
31
673
33
34
309
36
37
442
39
40
962
42
43
224
45
46
706
48
49
367
51
52
568
54
55
323
57
58
716
60
61
301
63
64
16
66
67
842
69
70
164
72
73
940
75
76
942
78
79
860
81
82
364
84
85
955
87
88
615
90
91
856
93
94
362
96
97
507
99
100
132
102
103
887
105
106
328
108
109
359
111
112
589
114
115
111
117
118
1
120
121
731
123
124
781
126
127
379
129
130
757
132
133
868
135
136
731
138
139
998
141
142
935
144
145
592
147
148
756
150
151
241
153
154
361
156
157
176
159
160
930
162
163
257
165
166
413
168
169
313
171
172
745
174
175
58
177
178
700
180
181
17
183
184
984
186
187
504
189
190
198
192
193
898
195
196
657
198
199
112
201
202
482
204
205
265
207
208
497
210
211
88
213
214
172
216
217
19
219
220
740
222
223
358
225
226
216
228
229
774
231
232
435
234
235
939
237
238
199
240
241
22
243
244
308
246
247
526
249
250
611
252
253
880
255
256
682
258
259
351
261
262
866
264
265
339
267
268
537
270
271
233
273
274
545
276
277
331
279
280
343
282
283
396
285
286
469
288
289
788
291
292
182
294
295
456
297
298
7
300
301
504
303
304
715
306
307
255
309
310
461
312
313
269
315
316
258
318
319
931
321
322
222
324
325
209
327
328
456
330
331
605
333
334
401
336
337
136
339
340
542
342
343
30
345
346
374
348
349
45
351
352
984
354
355
674
357
358
955
360
361
769
363
364
378
366
367
433
369
370
453
372
373
371
375
376
978
378
379
792
381
382
496
384
385
532
387
388
936
390
391
932
393
394
960
396
397
459
399
400
259
402
403
875
405
406
778
408
409
154
411
412
764
414
415
690
417
418
458
420
421
211
423
424
367
426
427
672
429
430
217
432
433
437
435
436
863
438
439
730
441
442
315
444
445
134
447
448
403
450
451
242
453
454
487
456
457
832
459
460
953
462
463
383
465
466
494
468
469
795
471
472
951
474
475
832
477
478
865
480
481
668
483
484
115
486
487
896
489
490
18
492
493
21
495
496
37
498
499
808
501
502
940
504
505
444
507
508
290
510
511
500
513
514
344
516
517
765
519
520
781
522
523
708
525
526
71
528
529
217
531
532
644
534
535
789
537
538
379
540
541
77
543
544
972
546
547
807
549
550
523
552
553
501
555
556
112
558
559
378
561
562
876
564
565
375
567
568
623
570
571
842
573
574
885
576
577
926
579
580
976
582
583
421
585
586
599
588
589
50
591
592
587
594
595
431
597
598
87
600
601
229
603
604
433
606
607
703
609
610
953
612
613
320
615
616
393
618
619
568
621
622
797
624
625
110
627
628
631
630
631
236
633
634
37
636
637
802
639
640
765
642
643
224
645
646
740
648
649
778
651
652
167
654
655
815
657
658
756
660
661
218
663
664
571
666
667
945
669
670
664
672
673
2
675
676
769
678
679
602
681
682
690
684
685
224
687
688
646
690
691
947
693
694
543
696
697
492
699
700
131
702
703
957
705
706
465
708
709
731
711
712
21
714
715
989
717
718
584
720
721
73
723
724
848
726
727
240
729
730
773
732
733
855
735
736
917
738
739
827
741
742
457
744
745
172
747
748
193
750
751
520
753
754
518
756
757
85
759
760
275
762
763
683
765
766
174
768
769
755
771
772
234
774
775
302
777
778
902
780
781
123
783
784
716
786
787
279
789
790
12
792
793
652
795
796
370
798
799
622
801
802
217
804
805
562
807
808
227
810
811
119
813
814
175
816
817
836
819
820
992
822
823
590
825
826
110
828
829
94
831
832
997
834
835
731
837
838
887
840
841
306
843
844
635
846
847
181
849
850
287
852
853
17
855
856
373
858
859
222
861
862
292
864
865
797
867
868
526
870
871
958
873
874
827
876
877
877
879
880
179
882
883
621
885
886
403
888
889
739
891
892
165
894
895
548
897
898
743
900
901
598
903
904
267
906
907
626
909
910
983
912
913
941
915
916
114
918
919
896
921
922
885
924
925
173
927
928
264
930
931
193
933
934
279
936
937
601
939
940
303
942
943
826
945
946
7
948
949
605
951
952
980
954
955
523
957
958
186
960
961
764
963
964
144
966
967
113
969
970
330
972
973
738
975
976
253
978
979
326
981
982
709
984
985
95
987
988
858
990
991
98
993
994
502
996
997
618
999
1000
704
1002
1003
481
1005
1006
300
1008
1009
70
1011
1012
204
1014
1015
297
1017
1018
216
1020
1021
16
1023
1024
277
1026
1027
987
1029
1030
36
1032
1033
965
1035
1036
526
1038
1039
507
1041
1042
0
1044
1045
569
1047
1048
596
1050
1051
147
1053
1054
576
1056
1057
953
1059
1060
439
1062
1063
388
1065
1066
343
1068
1069
338
1071
1072
44
1074
1075
153
1077
1078
930
1080
1081
51
1083
1084
846
1086
1087
961
1089
1090
726
1092
1093
853
1095
1096
809
1098
1099
158
1101
1102
652
1104
1105
682
1107
1108
267
1110
1111
186
1113
1114
519
1116
1117
692
1119
1120
497
1122
1123
558
1125
1126
782
1128
1129
184
1131
1132
736
1134
1135
408
1137
1138
195
1140
1141
977
1143
1144
819
1146
1147
764
1149
1150
887
1152
1153
475
1155
1156
88
1158
1159
306
1161
1162
161
1164
1165
744
1167
1168
276
1170
1171
133
1173
1174
419
1176
1177
49
1179
1180
563
1182
1183
42
1185
1186
181
1188
1189
535
1191
1192
124
1194
1195
671
1197
1198
547
1200
1201
625
1203
1204
823
1206
1207
477
1209
1210
361
1212
1213
5
1215
1216
722
1218
1219
10
1221
1222
873
1224
1225
108
1227
1228
143
1230
1231
258
1233
1234
781
1236
1237
949
1239
1240
442
1242
1243
761
1245
1246
107
1248
1249
542
1251
1252
144
1254
1255
395
1257
1258
726
1260
1261
600
1263
1264
385
1266
1267
691
1269
1270
456
1272
1273
508
1275
1276
363
1278
1279
140
1281
1282
645
1284
1285
305
1287
1288
250
1290
1291
444
1293
1294
607
1296
1297
650
1299
1300
429
1302
1303
161
1305
1306
682
1308
1309
786
1311
1312
724
1314
1315
334
1317
1318
421
1320
1321
686
1323
1324
429
1326
1327
627
1329
1330
666
1332
1333
182
1335
1336
848
1338
1339
970
1341
1342
5
1344
1345
193
1347
1348
57
1350
1351
479
1353
1354
989
1356
1357
852
1359
1360
565
1362
1363
225
1365
1366
622
1368
1369
59
1371
1372
54
1374
1375
18
1377
1378
811
1380
1381
250
1383
1384
180
1386
1387
850
1389
1390
26
1392
1393
536
1395
1396
117
1398
1399
956
1401
1402
803
1404
1405
519
1407
1408
919
1410
1411
74
1413
1414
664
1416
1417
127
1419
1420
393
1422
1423
29
1425
1426
722
1428
1429
329
1431
1432
864
1434
1435
661
1437
1438
969
1440
1441
440
1443
1444
428
1446
1447
68
1449
1450
123
1452
1453
807
1455
1456
699
1458
1459
8
1461
1462
522
1464
1465
272
1467
1468
706
1470
1471
270
1473
1474
208
1476
1477
446
1479
1480
574
1482
1483
819
1485
1486
120
1488
1489
958
1491
1492
535
1494
1495
17
1497
1498
283
1500
1501
754
1503
1504
202
1506
1507
680
1509
1510
600
1512
1513
8
1515
1516
459
1518
1519
206
1521
1522
655
1524
1525
131
1527
1528
309
1530
1531
119
1533
1534
521
1536
1537
643
1539
1540
613
1542
1543
954
1545
1546
831
1548
1549
255
1551
1552
77
1554
1555
422
1557
1558
356
1560
1561
285
1563
1564
487
1566
1567
276
1569
1570
663
1572
1573
54
1575
1576
445
1578
1579
139
1581
1582
620
1584
1585
265
1587
1588
769
1590
1591
371
1593
1594
665
1596
1597
705
1599
1600
492
1602
1603
424
1605
1606
132
1608
1609
814
1611
1612
178
1614
1615
963
1617
1618
170
1620
1621
771
1623
1624
672
1626
1627
401
1629
1630
643
1632
1633
989
1635
1636
202
1638
1639
942
1641
1642
498
1644
1645
843
1647
1648
828
1650
1651
588
1653
1654
144
1656
1657
480
1659
1660
368
1662
1663
877
1665
1666
471
1668
1669
524
1671
1672
314
1674
1675
760
1677
1678
12
1680
1681
152
1683
1684
575
1686
1687
614
1689
1690
764
1692
1693
756
1695
1696
943
1698
1699
399
1701
1702
269
1704
1705
939
1707
1708
39
1710
1711
90
1713
1714
962
1716
1717
975
1719
1720
201
1722
1723
183
1725
1726
279
1728
1729
556
1731
1732
154
1734
1735
775
1737
1738
346
1740
1741
5
1743
1744
45
1746
1747
726
1749
1750
289
1752
1753
552
1755
1756
563
1758
1759
597
1761
1762
430
1764
1765
730
1767
1768
92
1770
1771
460
1773
1774
208
1776
1777
255
1779
1780
852
1782
1783
905
1785
1786
718
1788
1789
156
1791
1792
547
1794
1795
328
1797
1798
596
1800
1801
811
1803
1804
939
1806
1807
355
1809
1810
189
1812
1813
393
1815
1816
265
1818
1819
195
1821
1822
644
1824
1825
279
1827
1828
41
1830
1831
688
1833
1834
17
1836
1837
23
1839
1840
99
1842
1843
221
1845
1846
250
1848
1849
632
1851
1852
220
1854
1855
500
1857
1858
957
1860
1861
625
1863
1864
915
1866
1867
924
1869
1870
869
1872
1873
179
1875
1876
85
1878
1879
804
1881
1882
341
1884
1885
669
1887
1888
911
1890
1891
464
1893
1894
542
1896
1897
571
1899
1900
188
1902
1903
273
1905
1906
135
1908
1909
382
1911
1912
173
1914
1915
518
1917
1918
98
1920
1921
36
1923
1924
788
1926
1927
633
1929
1930
126
1932
1933
404
1935
1936
821
1938
1939
119
1941
1942
174
1944
1945
430
1947
1948
616
1950
1951
120
1953
1954
850
1956
1957
524
1959
1960
806
1962
1963
459
1965
1966
872
1968
1969
744
1971
1972
238
1974
1975
895
1977
1978
997
1980
1981
949
1983
1984
638
1986
1987
254
1989
1990
980
1992
1993
52
1995
1996
841
1998
1999
751
2001
2002
243
2004
2005
928
2007
2008
428
2010
2011
979
2013
2014
249
2016
2017
704
2019
2020
830
2022
2023
805
2025
2026
4
2028
2029
459
2031
2032
666
2034
2035
148
2037
2038
481
2040
2041
596
2043
2044
899
2046
2047
669
2049
2050
178
2052
2053
914
2055
2056
930
2058
2059
49
2061
2062
885
2064
2065
196
2067
2068
892
2070
2071
279
2073
2074
550
2076
2077
662
2079
2080
548
2082
2083
26
2085
2086
896
2088
2089
754
2091
2092
700
2094
2095
192
2097
2098
339
2100
2101
482
2103
2104
299
2106
2107
773
2109
2110
896
2112
2113
755
2115
2116
27
2118
2119
214
2121
2122
435
2124
2125
493
2127
2128
561
2130
2131
69
2133
2134
287
2136
2137
952
2139
2140
834
2142
2143
484
2145
2146
632
2148
2149
800
2151
2152
403
2154
2155
776
2157
2158
958
2160
2161
62
2163
2164
732
2166
2167
57
2169
2170
663
2172
2173
203
2175
2176
810
2178
2179
813
2181
2182
665
2184
2185
207
2187
2188
385
2190
2191
338
2193
2194
426
2196
2197
563
2199
2200
484
2202
2203
43
2205
2206
439
2208
2209
861
2211
2212
312
2214
2215
469
2217
2218
768
2220
2221
82
2223
2224
787
2226
2227
242
2229
2230
691
2232
2233
842
2235
2236
710
2238
2239
611
2241
2242
105
2244
2245
390
2247
2248
159
2250
2251
930
2253
2254
250
2256
2257
522
2259
2260
59
2262
2263
65
2265
2266
246
2268
2269
91
2271
2272
563
2274
2275
643
2277
2278
641
2280
2281
848
2283
2284
592
2286
2287
114
2289
2290
167
2292
2293
132
2295
2296
439
2298
2299
824
2301
2302
325
2304
2305
220
2307
2308
560
2310
2311
289
2313
2314
305
2316
2317
817
2319
2320
964
2322
2323
577
2325
2326
134
2328
2329
898
2331
2332
475
2334
2335
481
2337
2338
972
2340
2341
597
2343
2344
790
2346
2347
552
2349
2350
543
2352
2353
666
2355
2356
186
2358
2359
587
2361
2362
429
2364
2365
880
2367
2368
67
2370
2371
655
2373
2374
245
2376
2377
368
2379
2380
911
2382
2383
988
2385
2386
151
2388
2389
433
2391
2392
687
2394
2395
953
2397
2398
921
2400
2401
419
2403
2404
828
2406
2407
513
2409
2410
323
2412
2413
313
2415
2416
543
2418
2419
476
2421
2422
884
2424
2425
591
2427
2428
414
2430
2431
777
2433
2434
438
2436
2437
79
2439
2440
731
2442
2443
218
2445
2446
996
2448
2449
557
2451
2452
171
2454
2455
922
2457
2458
383
2460
2461
241
2463
2464
963
2466
2467
949
2469
2470
304
2472
2473
367
2475
2476
872
2478
2479
779
2481
2482
515
2484
2485
396
2487
2488
748
2490
2491
855
2493
2494
359
2496
2497
893
2499
2500
332
2502
2503
745
2505
2506
418
2508
2509
417
2511
2512
963
2514
2515
963
2517
2518
188
2520
2521
842
2523
2524
291
2526
2527
354
2529
2530
35
2532
2533
69
2535
2536
880
2538
2539
373
2541
2542
859
2544
2545
189
2547
2548
529
2550
2551
677
2553
2554
85
2556
2557
109
2559
2560
147
2562
2563
780
2565
2566
674
2568
2569
741
2571
2572
261
2574
2575
593
2577
2578
758
2580
2581
782
2583
2584
403
2586
2587
713
2589
2590
904
2592
2593
611
2595
2596
925
2598
2599
803
2601
2602
560
2604
2605
773
2607
2608
916
2610
2611
223
2613
2614
505
2616
2617
355
2619
2620
858
2622
2623
849
2625
2626
118
2628
2629
648
2631
2632
224
2634
2635
576
2637
2638
912
2640
2641
717
2643
2644
78
2646
2647
323
2649
2650
539
2652
2653
486
2655
2656
827
2658
2659
588
2661
2662
878
2664
2665
906
2667
2668
94
2670
2671
822
2673
2674
466
2676
2677
39
2679
2680
89
2682
2683
757
2685
2686
15
2688
2689
130
2691
2692
649
2694
2695
611
2697
2698
412
2700
2701
14
2703
2704
71
2706
2707
98
2709
2710
262
2712
2713
52
2715
2716
363
2718
2719
899
2721
2722
726
2724
2725
185
2727
2728
959
2730
2731
143
2733
2734
522
2736
2737
639
2739
2740
675
2742
2743
909
2745
2746
979
2748
2749
322
2751
2752
828
2754
2755
727
2757
2758
961
2760
2761
904
2763
2764
85
2766
2767
370
2769
2770
966
2772
2773
740
2775
2776
663
2778
2779
717
2781
2782
771
2784
2785
478
2787
2788
225
2790
2791
394
2793
2794
303
2796
2797
442
2799
2800
188
2802
2803
272
2805
2806
595
2808
2809
778
2811
2812
379
2814
2815
96
2817
2818
931
2820
2821
443
2823
2824
258
2826
2827
389
2829
2830
780
2832
2833
978
2835
2836
242
2838
2839
86
2841
2842
910
2844
2845
884
2847
2848
616
2850
2851
34
2853
2854
705
2856
2857
861
2859
2860
472
2862
2863
503
2865
2866
114
2868
2869
749
2871
2872
474
2874
2875
922
2877
2878
256
2880
2881
375
2883
2884
503
2886
2887
501
2889
2890
931
2892
2893
823
2895
2896
41
2898
2899
0
2901
2902
612
2904
2905
393
2907
2908
75
2910
2911
932
2913
2914
919
2916
2917
315
2919
2920
823
2922
2923
915
2925
2926
624
2928
2929
475
2931
2932
575
2934
2935
286
2937
2938
719
2940
2941
304
2943
2944
989
2946
2947
962
2949
2950
226
2952
2953
631
2955
2956
755
2958
2959
818
2961
2962
812
2964
2965
295
2967
2968
439
2970
2971
158
2973
2974
281
2976
2977
816
2979
2980
83
2982
2983
578
2985
2986
854
2988
2989
919
2991
2992
313
2994
2995
419
2997
2998
420
3000
3001
286
3003
3004
641
3006
3007
880
3009
3010
131
3012
3013
856
3015
3016
574
3018
3019
366
3021
3022
520
3024
3025
202
3027
3028
896
3030
3031
726
3033
3034
59
3036
3037
542
3039
3040
378
3042
3043
545
3045
3046
677
3048
3049
516
3051
3052
723
3054
3055
84
3057
3058
692
3060
3061
869
3063
3064
982
3066
3067
929
3069
3070
103
3072
3073
333
3075
3076
286
3078
3079
929
3081
3082
432
3084
3085
13
3087
3088
706
3090
3091
290
3093
3094
765
3096
3097
787
3099
3100
140
3102
3103
421
3105
3106
855
3108
3109
264
3111
3112
816
3114
3115
440
3117
3118
65
3120
3121
856
3123
3124
302
3126
3127
428
3129
3130
207
3132
3133
290
3135
3136
337
3138
3139
949
3141
3142
407
3144
3145
841
3147
3148
663
3150
3151
404
3153
3154
818
3156
3157
706
3159
3160
808
3162
3163
755
3165
3166
178
3168
3169
496
3171
3172
734
3174
3175
495
3177
3178
780
3180
3181
107
3183
3184
376
3186
3187
395
3189
3190
670
3192
3193
690
3195
3196
865
3198
3199
135
3201
3202
501
3204
3205
234
3207
3208
546
3210
3211
325
3213
3214
551
3216
3217
485
3219
3220
259
3222
3223
449
3225
3226
794
3228
3229
279
3231
3232
653
3234
3235
548
3237
3238
976
3240
3241
273
3243
3244
339
3246
3247
32
3249
3250
635
3252
3253
976
3255
3256
996
3258
3259
496
3261
3262
547
3264
3265
81
3267
3268
823
3270
3271
142
3273
3274
817
3276
3277
866
3279
3280
559
3282
3283
345
3285
3286
170
3288
3289
162
3291
3292
577
3294
3295
944
3297
3298
935
3300
3301
210
3303
3304
689
3306
3307
463
3309
3310
302
3312
3313
692
3315
3316
886
3318
3319
720
3321
3322
115
3324
3325
479
3327
3328
891
3330
3331
419
3333
3334
961
3336
3337
891
3339
3340
382
3342
3343
369
3345
3346
490
3348
3349
412
3351
3352
830
3354
3355
717
3357
3358
468
3360
3361
729
3363
3364
103
3366
3367
903
3369
3370
401
3372
3373
770
3375
3376
971
3378
3379
573
3381
3382
987
3384
3385
655
3387
3388
712
3390
3391
974
3393
3394
474
3396
3397
971
3399
3400
423
3402
3403
457
3405
3406
424
3408
3409
86
3411
3412
691
3414
3415
755
3417
3418
799
3420
3421
310
3423
3424
11
3426
3427
632
3429
3430
936
3432
3433
715
3435
3436
397
3438
3439
628
3441
3442
261
3444
3445
455
3447
3448
163
3450
3451
503
3453
3454
398
3456
3457
824
3459
3460
993
3462
3463
870
3465
3466
692
3468
3469
365
3471
3472
719
3474
3475
491
3477
3478
256
3480
3481
602
3483
3484
376
3486
3487
719
3489
3490
358
3492
3493
714
3495
3496
717
3498
3499
977
3501
3502
105
3504
3505
424
3507
3508
561
3510
3511
518
3513
3514
147
3516
3517
351
3519
3520
409
3522
3523
445
3525
3526
117
3528
3529
387
3531
3532
841
3534
3535
628
3537
3538
22
3540
3541
456
3543
3544
135
3546
3547
857
3549
3550
909
3552
3553
302
3555
3556
690
3558
3559
487
3561
3562
857
3564
3565
466
3567
3568
454
3570
3571
172
3573
3574
152
3576
3577
563
3579
3580
172
3582
3583
814
3585
3586
493
3588
3589
686
3591
3592
496
3594
3595
777
3597
3598
681
3600
3601
747
3603
3604
543
3606
3607
890
3609
3610
192
3612
3613
19
3615
3616
790
3618
3619
537
3621
3622
404
3624
3625
596
3627
3628
712
3630
3631
647
3633
3634
767
3636
3637
913
3639
3640
988
3642
3643
945
3645
3646
696
3648
3649
365
3651
3652
770
3654
3655
110
3657
3658
741
3660
3661
353
3663
3664
924
3666
3667
367
3669
3670
556
3672
3673
341
3675
3676
692
3678
3679
913
3681
3682
749
3684
3685
457
3687
3688
745
3690
3691
77
3693
3694
588
3696
3697
789
3699
3700
204
3702
3703
322
3705
3706
592
3708
3709
866
3711
3712
147
3714
3715
8
3717
3718
8
3720
3721
547
3723
3724
671
3726
3727
547
3729
3730
699
3732
3733
254
3735
3736
332
3738
3739
648
3741
3742
215
3744
3745
759
3747
3748
57
3750
3751
315
3753
3754
803
3756
3757
558
3759
3760
171
3762
3763
906
3765
3766
207
3768
3769
793
3771
3772
414
3774
3775
615
3777
3778
465
3780
3781
50
3783
3784
273
3786
3787
416
3789
3790
601
3792
3793
620
3795
3796
740
3798
3799
554
3801
3802
927
3804
3805
529
3807
3808
909
3810
3811
727
3813
3814
225
3816
3817
994
3819
3820
624
3822
3823
74
3825
3826
791
3828
3829
885
3831
3832
776
3834
3835
359
3837
3838
331
3840
3841
656
3843
3844
582
3846
3847
932
3849
3850
545
3852
3853
522
3855
3856
381
3858
3859
773
3861
3862
381
3864
3865
770
3867
3868
71
3870
3871
297
3873
3874
758
3876
3877
987
3879
3880
934
3882
3883
523
3885
3886
220
3888
3889
325
3891
3892
608
3894
3895
141
3897
3898
395
3900
3901
237
3903
3904
982
3906
3907
833
3909
3910
548
3912
3913
26
3915
3916
925
3918
3919
839
3921
3922
107
3924
3925
315
3927
3928
968
3930
3931
150
3933
3934
140
3936
3937
783
3939
3940
942
3942
3943
661
3945
3946
557
3948
3949
796
3951
3952
206
3954
3955
781
3957
3958
429
3960
3961
925
3963
3964
989
3966
3967
566
3969
3970
374
3972
3973
756
3975
3976
246
3978
3979
982
3981
3982
540
3984
3985
402
3987
3988
762
3990
3991
885
3993
3994
667
3996
3997
555
3999
4000
443
4002
4003
210
4005
4006
254
4008
4009
783
4011
4012
767
4014
4015
478
4017
4018
218
4020
4021
657
4023
4024
698
4026
4027
418
4029
4030
595
4032
4033
154
4035
4036
577
4038
4039
246
4041
4042
883
4044
4045
847
4047
4048
588
4050
4051
177
4053
4054
82
4056
4057
634
4059
4060
622
4062
4063
245
4065
4066
838
4068
4069
962
4071
4072
171
4074
4075
949
4077
4078
151
4080
4081
709
4083
4084
685
4086
4087
123
4089
4090
581
4092
4093
0
4095
4096
712
4098
4099
91
4101
4102
985
4104
4105
691
4107
4108
93
4110
4111
88
4113
4114
846
4116
4117
88
4119
4120
824
4122
4123
144
4125
4126
478
4128
4129
905
4131
4132
772
4134
4135
204
4137
4138
19
4140
4141
696
4143
4144
83
4146
4147
868
4149
4150
794
4152
4153
336
4155
4156
882
4158
4159
585
4161
4162
685
4164
4165
303
4167
4168
600
4170
4171
326
4173
4174
976
4176
4177
389
4179
4180
863
4182
4183
359
4185
4186
974
4188
4189
293
4191
4192
984
4194
4195
892
4197
4198
791
4200
4201
177
4203
4204
495
4206
4207
363
4209
4210
187
4212
4213
973
4215
4216
3
4218
4219
62
4221
4222
709
4224
4225
471
4227
4228
398
4230
4231
477
4233
4234
887
4236
4237
526
4239
4240
593
4242
4243
988
4245
4246
383
4248
4249
540
4251
4252
233
4254
4255
304
4257
4258
514
4260
4261
161
4263
4264
345
4266
4267
245
4269
4270
808
4272
4273
597
4275
4276
103
4278
4279
201
4281
4282
779
4284
4285
385
4287
4288
520
4290
4291
922
4293
4294
913
4296
4297
385
4299
4300
356
4302
4303
685
4305
4306
134
4308
4309
18
4311
4312
186
4314
4315
577
4317
4318
459
4320
4321
65
4323
4324
823
4326
4327
286
4329
4330
811
4332
4333
718
4335
4336
732
4338
4339
863
4341
4342
604
4344
4345
431
4347
4348
840
4350
4351
811
4353
4354
813
4356
4357
719
4359
4360
694
4362
4363
883
4365
4366
597
4368
4369
593
4371
4372
377
4374
4375
630
4377
4378
629
4380
4381
720
4383
4384
923
4386
4387
151
4389
4390
75
4392
4393
507
4395
4396
273
4398
4399
164
4401
4402
598
4404
4405
326
4407
4408
134
4410
4411
244
4413
4414
919
4416
4417
536
4419
4420
999
4422
4423
440
4425
4426
326
4428
4429
58
4431
4432
859
4434
4435
309
4437
4438
789
4440
4441
889
4443
4444
999
4446
4447
976
4449
4450
670
4452
4453
50
4455
4456
166
4458
4459
999
4461
4462
415
4464
4465
467
4467
4468
710
4470
4471
445
4473
4474
476
4476
4477
659
4479
4480
853
4482
4483
976
4485
4486
764
4488
4489
595
4491
4492
971
4494
4495
731
4497
4498
203
4500
4501
847
4503
4504
621
4506
4507
926
4509
4510
696
4512
4513
254
4515
4516
339
4518
4519
279
4521
4522
488
4524
4525
847
4527
4528
708
4530
4531
849
4533
4534
258
4536
4537
650
4539
4540
506
4542
4543
976
4545
4546
756
4548
4549
818
4551
4552
49
4554
4555
488
4557
4558
533
4560
4561
685
4563
4564
211
4566
4567
353
4569
4570
668
4572
4573
729
4575
4576
778
4578
4579
394
4581
4582
809
4584
4585
95
4587
4588
871
4590
4591
652
4593
4594
770
4596
4597
997
4599
4600
21
4602
4603
794
4605
4606
588
4608
4609
438
4611
4612
751
4614
4615
724
4617
4618
132
4620
4621
297
4623
4624
89
4626
4627
657
4629
4630
157
4632
4633
451
4635
4636
513
4638
4639
350
4641
4642
673
4644
4645
799
4647
4648
332
4650
4651
255
4653
4654
820
4656
4657
743
4659
4660
806
4662
4663
214
4665
4666
345
4668
4669
508
4671
4672
945
4674
4675
43
4677
4678
455
4680
4681
846
4683
4684
267
4686
4687
970
4689
4690
257
4692
4693
40
4695
4696
712
4698
4699
868
4701
4702
299
4704
4705
970
4707
4708
847
4710
4711
14
4713
4714
83
4716
4717
116
4719
4720
983
4722
4723
250
4725
4726
485
4728
4729
371
4731
4732
436
4734
4735
530
4737
4738
748
4740
4741
606
4743
4744
309
4746
4747
342
4749
4750
906
4752
4753
395
4755
4756
795
4758
4759
587
4761
4762
93
4764
4765
523
4767
4768
493
4770
4771
808
4773
4774
145
4776
4777
986
4779
4780
826
4782
4783
353
4785
4786
318
4788
4789
492
4791
4792
830
4794
4795
892
4797
4798
604
4800
4801
631
4803
4804
925
4806
4807
179
4809
4810
383
4812
4813
819
4815
4816
75
4818
4819
304
4821
4822
864
4824
4825
682
4827
4828
781
4830
4831
397
4833
4834
979
4836
4837
906
4839
4840
789
4842
4843
324
4845
4846
370
4848
4849
70
4851
4852
4
4854
4855
218
4857
4858
693
4860
4861
607
4863
4864
313
4866
4867
512
4869
4870
632
4872
4873
260
4875
4876
766
4878
4879
598
4881
4882
814
4884
4885
257
4887
4888
566
4890
4891
477
4893
4894
782
4896
4897
353
4899
4900
121
4902
4903
246
4905
4906
741
4908
4909
356
4911
4912
948
4914
4915
341
4917
4918
504
4920
4921
937
4923
4924
395
4926
4927
115
4929
4930
603
4932
4933
97
4935
4936
612
4938
4939
547
4941
4942
815
4944
4945
277
4947
4948
425
4950
4951
473
4953
4954
139
4956
4957
43
4959
4960
95
4962
4963
468
4965
4966
410
4968
4969
157
4971
4972
419
4974
4975
407
4977
4978
813
4980
4981
96
4983
4984
180
4986
4987
416
4989
4990
804
4992
4993
719
4995
4996
519
4998
4999
975
5001
5002
143
5004
5005
425
5007
5008
364
5010
5011
943
5013
5014
962
5016
5017
38
5019
5020
523
5022
5023
542
5025
5026
810
5028
5029
214
5031
5032
318
5034
5035
893
5037
5038
651
5040
5041
494
5043
5044
600
5046
5047
558
5049
5050
369
5052
5053
169
5055
5056
975
5058
5059
342
5061
5062
122
5064
5065
35
5067
5068
786
5070
5071
435
5073
5074
841
5076
5077
643
5079
5080
843
5082
5083
690
5085
5086
74
5088
5089
908
5091
5092
27
5094
5095
851
5097
5098
634
5100
5101
96
5103
5104
332
5106
5107
743
5109
5110
313
5112
5113
219
5115
5116
298
5118
5119
705
5121
5122
468
5124
5125
439
5127
5128
160
5130
5131
601
5133
5134
675
5136
5137
118
5139
5140
603
5142
5143
828
5145
5146
885
5148
5149
7
5151
5152
133
5154
5155
437
5157
5158
823
5160
5161
587
5163
5164
541
5166
5167
282
5169
5170
322
5172
5173
663
5175
5176
73
5178
5179
469
5181
5182
180
5184
5185
119
5187
5188
119
5190
5191
192
5193
5194
277
5196
5197
927
5199
5200
132
5202
5203
571
5205
5206
302
5208
5209
476
5211
5212
755
5214
5215
764
5217
5218
850
5220
5221
112
5223
5224
902
5226
5227
879
5229
5230
187
5232
5233
818
5235
5236
320
5238
5239
533
5241
5242
232
5244
5245
250
5247
5248
843
5250
5251
693
5253
5254
187
5256
5257
117
5259
5260
557
5262
5263
739
5265
5266
706
5268
5269
684
5271
5272
885
5274
5275
827
5277
5278
962
5280
5281
209
5283
5284
435
5286
5287
746
5289
5290
398
5292
5293
338
5295
5296
954
5298
5299
900
5301
5302
802
5304
5305
911
5307
5308
794
5310
5311
745
5313
5314
55
5316
5317
352
5319
5320
810
5322
5323
626
5325
5326
115
5328
5329
604
5331
5332
688
5334
5335
25
5337
5338
554
5340
5341
214
5343
5344
293
5346
5347
441
5349
5350
267
5352
5353
997
5355
5356
865
5358
5359
66
5361
5362
184
5364
5365
479
5367
5368
203
5370
5371
478
5373
5374
601
5376
5377
465
5379
5380
107
5382
5383
314
5385
5386
150
5388
5389
149
5391
5392
951
5394
5395
389
5397
5398
561
5400
5401
392
5403
5404
438
5406
5407
631
5409
5410
556
5412
5413
710
5415
5416
402
5418
5419
725
5421
5422
282
5424
5425
175
5427
5428
145
5430
5431
285
5433
5434
589
5436
5437
449
5439
5440
943
5442
5443
396
5445
5446
889
5448
5449
400
5451
5452
807
5454
5455
131
5457
5458
210
5460
5461
625
5463
5464
77
5466
5467
206
5469
5470
704
5472
5473
420
5475
5476
746
5478
5479
245
5481
5482
237
5484
5485
6
5487
5488
924
5490
5491
233
5493
5494
995
5496
5497
797
5499
5500
625
5502
5503
971
5505
5506
203
5508
5509
22
5511
5512
580
5514
5515
547
5517
5518
20
5520
5521
496
5523
5524
552
5526
5527
385
5529
5530
864
5532
5533
985
5535
5536
815
5538
5539
860
5541
5542
985
5544
5545
994
5547
5548
50
5550
5551
923
5553
5554
856
5556
5557
283
5559
5560
420
5562
5563
114
5565
5566
860
5568
5569
508
5571
5572
551
5574
5575
756
5577
5578
384
5580
5581
4
5583
5584
556
5586
5587
529
5589
5590
554
5592
5593
722
5595
5596
912
5598
5599
417
5601
5602
563
5604
5605
870
5607
5608
834
5610
5611
251
5613
5614
126
5616
5617
532
5619
5620
422
5622
5623
493
5625
5626
64
5628
5629
494
5631
5632
710
5634
5635
971
5637
5638
664
5640
5641
236
5643
5644
853
5646
5647
935
5649
5650
370
5652
5653
975
5655
5656
707
5658
5659
748
5661
5662
558
5664
5665
724
5667
5668
335
5670
5671
917
5673
5674
415
5676
5677
597
5679
5680
782
5682
5683
711
5685
5686
732
5688
5689
805
5691
5692
36
5694
5695
173
5697
5698
256
5700
5701
208
5703
5704
694
5706
5707
812
5709
5710
828
5712
5713
108
5715
5716
724
5718
5719
296
5721
5722
551
5724
5725
14
5727
5728
775
5730
5731
216
5733
5734
567
5736
5737
16
5739
5740
992
5742
5743
659
5745
5746
642
5748
5749
200
5751
5752
673
5754
5755
176
5757
5758
42
5760
5761
826
5763
5764
68
5766
5767
905
5769
5770
211
5772
5773
220
5775
5776
421
5778
5779
58
5781
5782
272
5784
5785
6
5787
5788
411
5790
5791
393
5793
5794
377
5796
5797
742
5799
5800
518
5802
5803
191
5805
5806
58
5808
5809
429
5811
5812
616
5814
5815
381
5817
5818
625
5820
5821
967
5823
5824
465
5826
5827
773
5829
5830
584
5832
5833
249
5835
5836
562
5838
5839
453
5841
5842
741
5844
5845
516
5847
5848
791
5850
5851
509
5853
5854
700
5856
5857
944
5859
5860
630
5862
5863
852
5865
5866
253
5868
5869
229
5871
5872
367
5874
5875
224
5877
5878
233
5880
5881
479
5883
5884
544
5886
5887
338
5889
5890
861
5892
5893
499
5895
5896
339
5898
5899
199
5901
5902
872
5904
5905
624
5907
5908
650
5910
5911
343
5913
5914
734
5916
5917
868
5919
5920
824
5922
5923
728
5925
5926
609
5928
5929
149
5931
5932
232
5934
5935
102
5937
5938
528
5940
5941
821
5943
5944
18
5946
5947
817
5949
5950
95
5952
5953
718
5955
5956
86
5958
5959
650
5961
5962
867
5964
5965
979
5967
5968
712
5970
5971
27
5973
5974
746
5976
5977
948
5979
5980
570
5982
5983
170
5985
5986
269
5988
5989
883
5991
5992
486
5994
5995
630
5997
5998
259
6000
6001
998
6003
6004
690
6006
6007
140
6009
6010
147
6012
6013
76
6015
6016
159
6018
6019
940
6021
6022
474
6024
6025
916
6027
6028
724
6030
6031
733
6033
6034
790
6036
6037
193
6039
6040
918
6042
6043
355
6045
6046
825
6048
6049
689
6051
6052
407
6054
6055
358
6057
6058
218
6060
6061
391
6063
6064
877
6066
6067
878
6069
6070
803
6072
6073
132
6075
6076
910
6078
6079
212
6081
6082
723
6084
6085
365
6087
6088
452
6090
6091
280
6093
6094
335
6096
6097
495
6099
6100
856
6102
6103
144
6105
6106
921
6108
6109
211
6111
6112
101
6114
6115
386
6117
6118
223
6120
6121
41
6123
6124
374
6126
6127
407
6129
6130
220
6132
6133
792
6135
6136
243
6138
6139
777
6141
6142
235
6144
6145
273
6147
6148
478
6150
6151
735
6153
6154
132
6156
6157
118
6159
6160
337
6162
6163
544
6165
6166
264
6168
6169
283
6171
6172
353
6174
6175
110
6177
6178
641
6180
6181
316
6183
6184
295
6186
6187
935
6189
6190
500
6192
6193
391
6195
6196
988
6198
6199
929
6201
6202
263
6204
6205
100
6207
6208
290
6210
6211
991
6213
6214
689
6216
6217
209
6219
6220
359
6222
6223
862
6225
6226
977
6228
6229
75
6231
6232
648
6234
6235
119
6237
6238
593
6240
6241
450
6243
6244
4
6246
6247
25
6249
6250
757
6252
6253
170
6255
6256
826
6258
6259
983
6261
6262
3
6264
6265
249
6267
6268
256
6270
6271
185
6273
6274
571
6276
6277
301
6279
6280
907
6282
6283
713
6285
6286
857
6288
6289
305
6291
6292
316
6294
6295
994
6297
6298
861
6300
6301
286
6303
6304
73
6306
6307
341
6309
6310
424
6312
6313
264
6315
6316
215
6318
6319
9
6321
6322
472
6324
6325
245
6327
6328
623
6330
6331
280
6333
6334
865
6336
6337
478
6339
6340
312
6342
6343
708
6345
6346
926
6348
6349
363
6351
6352
664
6354
6355
685
6357
6358
676
6360
6361
794
6363
6364
509
6366
6367
365
6369
6370
656
6372
6373
81
6375
6376
178
6378
6379
635
6381
6382
559
6384
6385
689
6387
6388
397
6390
6391
566
6393
6394
508
6396
6397
114
6399
6400
86
6402
6403
672
6405
6406
716
6408
6409
314
6411
6412
985
6414
6415
259
6417
6418
236
6420
6421
168
6423
6424
761
6426
6427
532
6429
6430
116
6432
6433
602
6435
6436
340
6438
6439
743
6441
6442
33
6444
6445
995
6447
6448
761
6450
6451
13
6453
6454
974
6456
6457
767
6459
6460
641
6462
6463
469
6465
6466
580
6468
6469
740
6471
6472
374
6474
6475
2
6477
6478
366
6480
6481
42
6483
6484
288
6486
6487
491
6489
6490
233
6492
6493
353
6495
6496
813
6498
6499
517
6501
6502
808
6504
6505
839
6507
6508
443
6510
6511
482
6513
6514
463
6516
6517
838
6519
6520
344
6522
6523
836
6525
6526
594
6528
6529
49
6531
6532
731
6534
6535
155
6537
6538
270
6540
6541
739
6543
6544
540
6546
6547
536
6549
6550
933
6552
6553
647
6555
6556
865
6558
6559
718
6561
6562
830
6564
6565
425
6567
6568
239
6570
6571
207
6573
6574
998
6576
6577
596
6579
6580
233
6582
6583
1
6585
6586
29
6588
6589
826
6591
6592
669
6594
6595
915
6597
6598
841
6600
6601
37
6603
6604
878
6606
6607
235
6609
6610
647
6612
6613
259
6615
6616
947
6618
6619
788
6621
6622
680
6624
6625
299
6627
6628
591
6630
6631
438
6633
6634
139
6636
6637
171
6639
6640
333
6642
6643
312
6645
6646
966
6648
6649
773
6651
6652
359
6654
6655
134
6657
6658
363
6660
6661
399
6663
6664
173
6666
6667
152
6669
6670
581
6672
6673
635
6675
6676
375
6678
6679
667
6681
6682
879
6684
6685
599
6687
6688
961
6690
6691
697
6693
6694
309
6696
6697
963
6699
6700
193
6702
6703
292
6705
6706
155
6708
6709
910
6711
6712
588
6714
6715
560
6717
6718
315
6720
6721
485
6723
6724
408
6726
6727
203
6729
6730
841
6732
6733
894
6735
6736
324
6738
6739
95
6741
6742
926
6744
6745
212
6747
6748
331
6750
6751
238
6753
6754
784
6756
6757
362
6759
6760
225
6762
6763
989
6765
6766
79
6768
6769
514
6771
6772
846
6774
6775
376
6777
6778
510
6780
6781
308
6783
6784
345
6786
6787
274
6789
6790
238
6792
6793
540
6795
6796
946
6798
6799
127
6801
6802
820
6804
6805
543
6807
6808
692
6810
6811
830
6813
6814
498
6816
6817
592
6819
6820
646
6822
6823
824
6825
6826
291
6828
6829
946
6831
6832
113
6834
6835
828
6837
6838
647
6840
6841
829
6843
6844
3
6846
6847
687
6849
6850
220
6852
6853
59
6855
6856
385
6858
6859
845
6861
6862
895
6864
6865
471
6867
6868
702
6870
6871
62
6873
6874
675
6876
6877
273
6879
6880
758
6882
6883
136
6885
6886
623
6888
6889
181
6891
6892
635
6894
6895
745
6897
6898
306
6900
6901
310
6903
6904
906
6906
6907
931
6909
6910
224
6912
6913
77
6915
6916
595
6918
6919
754
6921
6922
216
6924
6925
984
6927
6928
568
6930
6931
278
6933
6934
705
6936
6937
876
6939
6940
95
6942
6943
272
6945
6946
701
6948
6949
763
6951
6952
67
6954
6955
969
6957
6958
626
6960
6961
240
6963
6964
545
6966
6967
94
6969
6970
66
6972
6973
325
6975
6976
542
6978
6979
55
6981
6982
728
6984
6985
479
6987
6988
724
6990
6991
252
6993
6994
310
6996
6997
26
6999
7000
877
7002
7003
399
7005
7006
72
7008
7009
230
7011
7012
177
7014
7015
592
7017
7018
312
7020
7021
628
7023
7024
62
7026
7027
960
7029
7030
410
7032
7033
991
7035
7036
276
7038
7039
113
7041
7042
195
7044
7045
284
7047
7048
425
7050
7051
985
7053
7054
468
7056
7057
789
7059
7060
763
7062
7063
923
7065
7066
299
7068
7069
377
7071
7072
676
7074
7075
137
7077
7078
679
7080
7081
971
7083
7084
307
7086
7087
52
7089
7090
923
7092
7093
741
7095
7096
770
7098
7099
351
7101
7102
107
7104
7105
620
7107
7108
48
7110
7111
165
7113
7114
232
7116
7117
381
7119
7120
235
7122
7123
338
7125
7126
135
7128
7129
717
7131
7132
397
7134
7135
822
7137
7138
561
7140
7141
423
7143
7144
122
7146
7147
789
7149
7150
678
7152
7153
598
7155
7156
325
7158
7159
481
7161
7162
282
7164
7165
192
7167
7168
136
7170
7171
840
7173
7174
860
7176
7177
730
7179
7180
340
7182
7183
157
7185
7186
250
7188
7189
519
7191
7192
757
7194
7195
367
7197
7198
129
7200
7201
352
7203
7204
53
7206
7207
51
7209
7210
71
7212
7213
799
7215
7216
447
7218
7219
984
7221
7222
379
7224
7225
532
7227
7228
962
7230
7231
64
7233
7234
636
7236
7237
305
7239
7240
287
7242
7243
315
7245
7246
959
7248
7249
161
7251
7252
4
7254
7255
362
7257
7258
258
7260
7261
991
7263
7264
43
7266
7267
519
7269
7270
526
7272
7273
37
7275
7276
899
7278
7279
98
7281
7282
380
7284
7285
190
7287
7288
885
7290
7291
710
7293
7294
200
7296
7297
107
7299
7300
485
7302
7303
422
7305
7306
321
7308
7309
182
7311
7312
55
7314
7315
739
7317
7318
428
7320
7321
112
7323
7324
954
7326
7327
539
7329
7330
183
7332
7333
397
7335
7336
453
7338
7339
165
7341
7342
667
7344
7345
18
7347
7348
416
7350
7351
368
7353
7354
921
7356
7357
191
7359
7360
977
7362
7363
890
7365
7366
880
7368
7369
300
7371
7372
324
7374
7375
541
7377
7378
96
7380
7381
734
7383
7384
828
7386
7387
886
7389
7390
415
7392
7393
866
7395
7396
662
7398
7399
77
7401
7402
600
7404
7405
767
7407
7408
157
7410
7411
127
7413
7414
515
7416
7417
969
7419
7420
415
7422
7423
881
7425
7426
346
7428
7429
533
7431
7432
721
7434
7435
756
7437
7438
223
7440
7441
682
7443
7444
144
7446
7447
887
7449
7450
517
7452
7453
200
7455
7456
670
7458
7459
16
7461
7462
811
7464
7465
502
7467
7468
148
7470
7471
977
7473
7474
574
7476
7477
984
7479
7480
585
7482
7483
961
7485
7486
672
7488
7489
426
7491
7492
449
7494
7495
524
7497
7498
295
7500
7501
451
7503
7504
689
7506
7507
421
7509
7510
984
7512
7513
43
7515
7516
453
7518
7519
162
7521
7522
359
7524
7525
226
7527
7528
98
7530
7531
178
7533
7534
696
7536
7537
776
7539
7540
817
7542
7543
783
7545
7546
736
7548
7549
65
7551
7552
762
7554
7555
427
7557
7558
626
7560
7561
584
7563
7564
533
7566
7567
675
7569
7570
33
7572
7573
214
7575
7576
908
7578
7579
144
7581
7582
538
7584
7585
88
7587
7588
58
7590
7591
39
7593
7594
637
7596
7597
928
7599
7600
190
7602
7603
263
7605
7606
733
7608
7609
431
7611
7612
444
7614
7615
227
7617
7618
751
7620
7621
931
7623
7624
832
7626
7627
554
7629
7630
942
7632
7633
863
7635
7636
939
7638
7639
89
7641
7642
185
7644
7645
476
7647
7648
71
7650
7651
834
7653
7654
253
7656
7657
575
7659
7660
368
7662
7663
912
7665
7666
239
7668
7669
369
7671
7672
355
7674
7675
702
7677
7678
9
7680
7681
914
7683
7684
339
7686
7687
316
7689
7690
507
7692
7693
395
7695
7696
310
7698
7699
982
7701
7702
952
7704
7705
501
7707
7708
598
7710
7711
878
7713
7714
665
7716
7717
386
7719
7720
565
7722
7723
455
7725
7726
547
7728
7729
99
7731
7732
264
7734
7735
583
7737
7738
928
7740
7741
668
7743
7744
844
7746
7747
190
7749
7750
339
7752
7753
492
7755
7756
297
7758
7759
768
7761
7762
751
7764
7765
390
7767
7768
116
7770
7771
539
7773
7774
841
7776
7777
487
7779
7780
64
7782
7783
481
7785
7786
269
7788
7789
739
7791
7792
681
7794
7795
625
7797
7798
969
7800
7801
936
7803
7804
18
7806
7807
597
7809
7810
331
7812
7813
298
7815
7816
799
7818
7819
419
7821
7822
64
7824
7825
467
7827
7828
114
7830
7831
827
7833
7834
974
7836
7837
264
7839
7840
16
7842
7843
547
7845
7846
214
7848
7849
106
7851
7852
851
7854
7855
230
7857
7858
103
7860
7861
887
7863
7864
188
7866
7867
109
7869
7870
819
7872
7873
545
7875
7876
205
7878
7879
504
7881
7882
128
7884
7885
452
7887
7888
400
7890
7891
588
7893
7894
754
7896
7897
623
7899
7900
285
7902
7903
790
7905
7906
8
7908
7909
989
7911
7912
907
7914
7915
707
7917
7918
366
7920
7921
956
7923
7924
99
7926
7927
626
7929
7930
793
7932
7933
900
7935
7936
693
7938
7939
59
7941
7942
991
7944
7945
906
7947
7948
197
7950
7951
883
7953
7954
434
7956
7957
969
7959
7960
100
7962
7963
920
7965
7966
71
7968
7969
652
7971
7972
169
7974
7975
805
7977
7978
509
7980
7981
144
7983
7984
760
7986
7987
957
7989
7990
979
7992
7993
665
7995
7996
285
7998
7999
377
8001
8002
519
8004
8005
398
8007
8008
739
8010
8011
244
8013
8014
397
8016
8017
831
8019
8020
260
8022
8023
657
8025
8026
819
8028
8029
286
8031
8032
28
8034
8035
616
8037
8038
195
8040
8041
34
8043
8044
553
8046
8047
388
8049
8050
143
8052
8053
177
8055
8056
531
8058
8059
959
8061
8062
193
8064
8065
974
8067
8068
272
8070
8071
260
8073
8074
322
8076
8077
606
8079
8080
369
8082
8083
778
8085
8086
253
8088
8089
155
8091
8092
372
8094
8095
833
8097
8098
793
8100
8101
337
8103
8104
5
8106
8107
840
8109
8110
577
8112
8113
183
8115
8116
529
8118
8119
251
8121
8122
186
8124
8125
379
8127
8128
878
8130
8131
826
8133
8134
289
8136
8137
48
8139
8140
298
8142
8143
129
8145
8146
249
8148
8149
882
8151
8152
626
8154
8155
635
8157
8158
11
8160
8161
948
8163
8164
547
8166
8167
402
8169
8170
511
8172
8173
327
8175
8176
269
8178
8179
510
8181
8182
240
8184
8185
437
8187
8188
441
8190
8191
139
8193
8194
556
8196
8197
272
8199
8200
456
8202
8203
566
8205
8206
508
8208
8209
694
8211
8212
620
8214
8215
867
8217
8218
514
8220
8221
562
8223
8224
924
8226
8227
853
8229
8230
219
8232
8233
113
8235
8236
420
8238
8239
159
8241
8242
264
8244
8245
716
8247
8248
655
8250
8251
988
8253
8254
457
8256
8257
179
8259
8260
116
8262
8263
687
8265
8266
535
8268
8269
558
8271
8272
415
8274
8275
813
8277
8278
945
8280
8281
672
8283
8284
391
8286
8287
512
8289
8290
237
8292
8293
786
8295
8296
395
8298
8299
918
8301
8302
89
8304
8305
503
8307
8308
972
8310
8311
681
8313
8314
538
8316
8317
48
8319
8320
719
8322
8323
180
8325
8326
65
8328
8329
920
8331
8332
915
8334
8335
394
8337
8338
827
8340
8341
39
8343
8344
519
8346
8347
922
8349
8350
231
8352
8353
51
8355
8356
310
8358
8359
60
8361
8362
502
8364
8365
120
8367
8368
508
8370
8371
532
8373
8374
816
8376
8377
640
8379
8380
778
8382
8383
628
8385
8386
783
8388
8389
620
8391
8392
112
8394
8395
678
8397
8398
294
8400
8401
403
8403
8404
27
8406
8407
14
8409
8410
378
8412
8413
47
8415
8416
252
8418
8419
959
8421
8422
32
8424
8425
303
8427
8428
258
8430
8431
681
8433
8434
153
8436
8437
959
8439
8440
345
8442
8443
847
8445
8446
299
8448
8449
493
8451
8452
458
8454
8455
96
8457
8458
38
8460
8461
458
8463
8464
688
8466
8467
834
8469
8470
66
8472
8473
827
8475
8476
603
8478
8479
243
8481
8482
48
8484
8485
604
8487
8488
271
8490
8491
343
8493
8494
716
8496
8497
990
8499
8500
756
8502
8503
918
8505
8506
253
8508
8509
863
8511
8512
942
8514
8515
272
8517
8518
95
8520
8521
375
8523
8524
249
8526
8527
677
8529
8530
224
8532
8533
148
8535
8536
543
8538
8539
201
8541
8542
362
8544
8545
825
8547
8548
367
8550
8551
623
8553
8554
135
8556
8557
142
8559
8560
841
8562
8563
728
8565
8566
328
8568
8569
784
8571
8572
280
8574
8575
984
8577
8578
139
8580
8581
953
8583
8584
238
8586
8587
697
8589
8590
400
8592
8593
738
8595
8596
935
8598
8599
626
8601
8602
128
8604
8605
261
8607
8608
479
8610
8611
273
8613
8614
388
8616
8617
846
8619
8620
67
8622
8623
657
8625
8626
830
8628
8629
819
8631
8632
73
8634
8635
663
8637
8638
652
8640
8641
745
8643
8644
844
8646
8647
311
8649
8650
70
8652
8653
500
8655
8656
588
8658
8659
618
8661
8662
487
8664
8665
713
8667
8668
342
8670
8671
50
8673
8674
821
8676
8677
978
8679
8680
501
8682
8683
488
8685
8686
295
8688
8689
777
8691
8692
255
8694
8695
799
8697
8698
742
8700
8701
336
8703
8704
976
8706
8707
938
8709
8710
443
8712
8713
418
8715
8716
928
8718
8719
405
8721
8722
869
8724
8725
190
8727
8728
698
8730
8731
51
8733
8734
978
8736
8737
343
8739
8740
703
8742
8743
276
8745
8746
53
8748
8749
652
8751
8752
383
8754
8755
947
8757
8758
531
8760
8761
341
8763
8764
300
8766
8767
551
8769
8770
78
8772
8773
415
8775
8776
529
8778
8779
372
8781
8782
173
8784
8785
3
8787
8788
531
8790
8791
846
8793
8794
171
8796
8797
572
8799
8800
783
8802
8803
505
8805
8806
130
8808
8809
373
8811
8812
804
8814
8815
453
8817
8818
599
8820
8821
694
8823
8824
252
8826
8827
226
8829
8830
47
8832
8833
428
8835
8836
458
8838
8839
925
8841
8842
998
8844
8845
440
8847
8848
144
8850
8851
769
8853
8854
955
8856
8857
468
8859
8860
951
8862
8863
873
8865
8866
742
8868
8869
831
8871
8872
953
8874
8875
927
8877
8878
571
8880
8881
815
8883
8884
71
8886
8887
459
8889
8890
247
8892
8893
329
8895
8896
829
8898
8899
610
8901
8902
841
8904
8905
332
8907
8908
138
8910
8911
395
8913
8914
681
8916
8917
884
8919
8920
506
8922
8923
86
8925
8926
594
8928
8929
851
8931
8932
73
8934
8935
527
8937
8938
933
8940
8941
418
8943
8944
254
8946
8947
937
8949
8950
238
8952
8953
740
8955
8956
304
8958
8959
919
8961
8962
293
8964
8965
459
8967
8968
115
8970
8971
483
8973
8974
926
8976
8977
632
8979
8980
975
8982
8983
842
8985
8986
686
8988
8989
782
8991
8992
151
8994
8995
491
8997
8998
875
9000
9001
176
9003
9004
657
9006
9007
381
9009
9010
470
9012
9013
32
9015
9016
723
9018
9019
940
9021
9022
19
9024
9025
100
9027
9028
811
9030
9031
394
9033
9034
742
9036
9037
660
9039
9040
162
9042
9043
572
9045
9046
242
9048
9049
841
9051
9052
452
9054
9055
828
9057
9058
250
9060
9061
734
9063
9064
754
9066
9067
935
9069
9070
541
9072
9073
756
9075
9076
888
9078
9079
336
9081
9082
482
9084
9085
626
9087
9088
248
9090
9091
826
9093
9094
729
9096
9097
414
9099
9100
282
9102
9103
59
9105
9106
265
9108
9109
118
9111
9112
123
9114
9115
882
9117
9118
896
9120
9121
489
9123
9124
19
9126
9127
572
9129
9130
404
9132
9133
740
9135
9136
55
9138
9139
727
9141
9142
17
9144
9145
596
9147
9148
23
9150
9151
396
9153
9154
591
9156
9157
539
9159
9160
386
9162
9163
68
9165
9166
638
9168
9169
938
9171
9172
110
9174
9175
201
9177
9178
291
9180
9181
34
9183
9184
139
9186
9187
713
9189
9190
128
9192
9193
207
9195
9196
96
9198
9199
807
9201
9202
537
9204
9205
222
9207
9208
948
9210
9211
406
9213
9214
635
9216
9217
67
9219
9220
579
9222
9223
478
9225
9226
727
9228
9229
391
9231
9232
246
9234
9235
551
9237
9238
82
9240
9241
836
9243
9244
517
9246
9247
262
9249
9250
517
9252
9253
508
9255
9256
382
9258
9259
480
9261
9262
464
9264
9265
244
9267
9268
802
9270
9271
204
9273
9274
582
9276
9277
66
9279
9280
843
9282
9283
200
9285
9286
346
9288
9289
68
9291
9292
396
9294
9295
125
9297
9298
197
9300
9301
744
9303
9304
312
9306
9307
166
9309
9310
706
9312
9313
759
9315
9316
43
9318
9319
364
9321
9322
535
9324
9325
854
9327
9328
517
9330
9331
394
9333
9334
406
9336
9337
775
9339
9340
744
9342
9343
86
9345
9346
166
9348
9349
720
9351
9352
544
9354
9355
109
9357
9358
107
9360
9361
415
9363
9364
288
9366
9367
439
9369
9370
739
9372
9373
905
9375
9376
235
9378
9379
51
9381
9382
421
9384
9385
149
9387
9388
388
9390
9391
516
9393
9394
556
9396
9397
831
9399
9400
745
9402
9403
566
9405
9406
515
9408
9409
516
9411
9412
694
9414
9415
973
9417
9418
774
9420
9421
580
9423
9424
201
9426
9427
401
9429
9430
839
9432
9433
319
9435
9436
774
9438
9439
565
9441
9442
622
9444
9445
130
9447
9448
425
9450
9451
854
9453
9454
989
9456
9457
261
9459
9460
751
9462
9463
420
9465
9466
562
9468
9469
280
9471
9472
295
9474
9475
620
9477
9478
575
9480
9481
493
9483
9484
691
9486
9487
815
9489
9490
992
9492
9493
97
9495
9496
67
9498
9499
824
9501
9502
478
9504
9505
607
9507
9508
7
9510
9511
630
9513
9514
941
9516
9517
854
9519
9520
870
9522
9523
910
9525
9526
776
9528
9529
792
9531
9532
624
9534
9535
866
9537
9538
603
9540
9541
20
9543
9544
235
9546
9547
912
9549
9550
695
9552
9553
691
9555
9556
574
9558
9559
276
9561
9562
397
9564
9565
930
9567
9568
243
9570
9571
738
9573
9574
678
9576
9577
341
9579
9580
185
9582
9583
842
9585
9586
543
9588
9589
574
9591
9592
641
9594
9595
506
9597
9598
951
9600
9601
78
9603
9604
450
9606
9607
912
9609
9610
567
9612
9613
170
9615
9616
106
9618
9619
203
9621
9622
145
9624
9625
471
9627
9628
633
9630
9631
419
9633
9634
925
9636
9637
492
9639
9640
332
9642
9643
828
9645
9646
879
9648
9649
716
9651
9652
310
9654
9655
260
9657
9658
81
9660
9661
688
9663
9664
412
9666
9667
633
9669
9670
85
9672
9673
573
9675
9676
904
9678
9679
582
9681
9682
265
9684
9685
108
9687
9688
521
9690
9691
182
9693
9694
295
9696
9697
287
9699
9700
78
9702
9703
754
9705
9706
183
9708
9709
275
9711
9712
388
9714
9715
208
9717
9718
653
9720
9721
201
9723
9724
524
9726
9727
856
9729
9730
867
9732
9733
964
9735
9736
193
9738
9739
918
9741
9742
410
9744
9745
364
9747
9748
682
9750
9751
734
9753
9754
293
9756
9757
942
9759
9760
682
9762
9763
195
9765
9766
762
9768
9769
630
9771
9772
510
9774
9775
747
9777
9778
614
9780
9781
360
9783
9784
72
9786
9787
323
9789
9790
784
9792
9793
37
9795
9796
575
9798
9799
882
9801
9802
140
9804
9805
542
9807
9808
601
9810
9811
377
9813
9814
550
9816
9817
658
9819
9820
83
9822
9823
824
9825
9826
703
9828
9829
554
9831
9832
970
9834
9835
81
9837
9838
615
9840
9841
188
9843
9844
152
9846
9847
557
9849
9850
839
9852
9853
532
9855
9856
81
9858
9859
120
9861
9862
712
9864
9865
617
9867
9868
517
9870
9871
276
9873
9874
411
9876
9877
499
9879
9880
165
9882
9883
92
9885
9886
535
9888
9889
905
9891
9892
715
9894
9895
954
9897
9898
786
9900
9901
583
9903
9904
691
9906
9907
400
9909
9910
438
9912
9913
112
9915
9916
277
9918
9919
85
9921
9922
629
9924
9925
677
9927
9928
620
9930
9931
423
9933
9934
53
9936
9937
542
9939
9940
285
9942
9943
594
9945
9946
532
9948
9949
905
9951
9952
781
9954
9955
896
9957
9958
622
9960
9961
186
9963
9964
29
9966
9967
770
9969
9970
552
9972
9973
215
9975
9976
758
9978
9979
533
9981
9982
664
9984
9985
374
9987
9988
413
9990
9991
353
9993
9994
584
9996
9997
265
9999
