542
934
645
688
566
379
194
560
532
289
743
160
309
893
397
585
125
788
48
587
427
136
967
652
432
806
13
344
246
9
693
463
301
950
715
931
193
358
211
291
17
80
847
429
507
964
765
886
937
622
551
817
78
231
908
47
35
624
587
436
254
130
148
31
175
655
866
197
305
471
681
127
503
398
815
643
598
892
754
327
389
229
815
700
75
687
176
238
815
552
844
100
377
152
873
0
839
571
992
556
601
284
158
860
220
573
276
105
506
126
295
63
863
86
903
85
438
837
393
286
237
742
29
974
52
115
707
918
115
726
216
470
487
986
315
415
810
665
390
404
863
344
166
118
296
24
199
74
782
237
351
522
164
155
634
679
606
80
83
903
374
528
355
932
507
831
17
358
17
559
410
410
567
208
935
612
190
68
590
517
602
722
101
594
474
277
37
347
12
367
593
705
707
752
225
166
43
740
153
81
271
276
17
821
341
695
279
704
335
74
727
852
671
414
257
962
615
829
100
147
46
476
413
644
373
464
450
881
447
875
264
124
611
880
955
452
656
634
735
479
10
936
446
97
858
464
491
168
871
717
328
565
314
198
402
903
392
381
748
242
967
167
7
501
279
341
217
727
955
734
431
325
203
618
490
742
927
180
259
133
697
556
51
143
865
675
11
446
303
157
662
339
405
329
841
750
593
848
265
314
109
799
848
808
240
545
695
488
954
585
907
946
826
369
833
643
135
99
420
398
514
410
451
863
923
119
27
448
833
555
190
288
845
217
883
737
209
860
54
362
953
156
269
479
80
400
79
631
60
172
826
366
788
790
63
513
480
661
121
315
828
326
968
293
634
112
518
422
183
198
408
107
709
241
952
205
735
70
195
723
923
668
241
813
439
490
706
290
558
296
50
710
875
384
91
970
729
593
278
238
808
946
926
286
499
808
785
722
810
492
67
114
394
915
901
874
833
347
945
503
750
378
202
713
880
73
439
747
437
563
242
586
361
941
978
983
830
324
310
108
805
730
422
261
322
121
618
817
758
456
382
397
259
241
297
601
722
135
461
862
171
873
226
25
460
650
11
723
719
573
24
813
769
715
983
37
903
365
55
508
848
37
426
273
400
494
999
118
419
679
389
103
254
161
170
753
360
648
577
513
572
8
57
314
716
531
142
917
306
510
604
944
302
500
738
363
391
612
751
180
706
691
596
260
203
239
737
205
90
838
42
444
50
883
213
480
990
258
40
443
941
207
375
258
483
7
267
312
108
153
663
482
371
899
959
380
745
642
78
859
604
901
453
915
953
452
246
128
502
650
976
881
808
227
801
763
473
941
527
922
21
902
2
625
656
431
260
386
917
821
792
458
342
429
578
918
344
303
358
700
449
394
661
619
332
858
574
428
596
601
687
858
972
14
977
662
737
710
455
396
517
173
986
518
882
377
955
249
906
83
391
428
715
16
862
667
905
14
915
667
433
755
391
381
409
92
123
450
982
254
590
139
338
975
608
92
604
742
873
827
669
31
216
932
727
295
242
724
216
893
958
622
566
281
956
544
576
603
530
792
740
706
28
966
373
997
93
609
169
581
742
478
136
633
520
83
834
182
686
247
825
23
851
402
497
570
433
998
114
732
74
615
873
440
241
240
829
68
414
922
850
492
830
147
346
551
357
792
25
145
386
709
683
888
208
257
869
57
467
672
514
821
51
415
311
457
34
765
634
490
374
592
260
538
73
835
672
890
62
851
324
649
175
939
153
815
285
62
666
517
609
828
339
463
574
984
393
594
535
843
35
220
742
495
760
601
844
336
45
804
629
118
339
928
695
9
486
307
843
412
264
393
767
241
727
803
151
659
463
254
95
964
822
972
974
546
312
159
355
268
572
47
368
491
122
935
434
826
918
310
902
957
402
824
861
124
678
136
700
266
625
623
32
717
175
375
131
287
188
618
362
915
220
311
12
564
886
208
986
268
573
845
314
672
70
891
494
686
235
675
758
564
989
111
207
913
905
484
77
498
350
457
609
65
427
291
714
430
781
261
300
378
299
974
701
539
226
557
570
758
793
205
125
241
657
999
958
137
518
76
587
855
847
395
168
62
567
421
473
416
465
593
128
623
432
478
102
470
729
630
163
504
746
426
553
68
955
157
733
467
349
380
985
700
919
623
946
791
230
24
169
815
477
218
836
860
176
199
827
419
829
233
713
69
16
470
795
36
596
185
328
312
358
138
277
290
320
280
413
295
16
372
760
77
17
265
102
156
933
912
863
646
251
564
720
625
825
797
867
393
747
984
839
449
857
275
318
895
456
265
220
631
498
991
704
176
425
824
191
410
303
387
431
58
921
516
588
780
402
937
536
318
115
435
640
877
629
555
419
512
984
207
447
61
149
888
95
759
572
764
730
60
59
158
125
851
217
777
375
80
172
404
422
742
465
672
111
965
291
800
652
461
594
579
919
373
306
348
239
660
357
528
40
121
462
36
496
499
627
815
700
672
441
842
484
459
852
148
323
898
57
432
382
954
172
315
874
226
874
858
196
789
103
552
114
47
992
901
767
469
701
620
411
457
632
450
956
98
141
55
226
475
420
836
500
53
395
850
528
849
165
279
272
13
977
192
218
473
939
117
310
849
245
916
120
212
906
114
66
295
142
200
968
361
258
805
671
835
335
760
935
167
531
65
480
168
862
496
353
740
900
544
775
47
147
964
8
328
689
808
597
574
137
414
328
371
189
419
546
237
90
361
600
336
937
536
312
659
277
581
442
62
104
801
986
272
679
903
333
933
11
299
34
328
417
104
814
614
933
490
378
939
822
869
382
807
502
201
37
144
129
379
561
512
328
689
889
332
803
98
479
911
929
879
110
516
973
794
509
749
406
919
59
663
692
616
727
252
432
21
479
437
198
871
819
313
884
118
930
238
426
428
622
303
19
578
153
78
659
621
521
449
86
751
690
327
79
395
699
14
422
349
288
574
827
32
621
361
878
167
409
7
827
881
366
459
34
844
568
403
358
400
790
859
705
295
371
262
645
76
903
407
573
353
601
593
27
310
621
517
837
901
586
906
34
469
587
493
936
405
592
905
305
689
57
713
705
376
222
719
553
848
340
477
259
257
189
582
198
21
891
356
210
479
284
753
958
538
379
143
949
822
734
413
826
277
410
924
116
535
886
168
317
630
443
711
125
170
799
575
496
210
517
970
186
671
937
378
877
749
32
635
287
848
824
885
883
981
639
888
970
68
691
477
429
247
81
716
848
822
937
916
102
574
836
317
130
454
271
480
836
708
421
743
326
220
386
681
149
460
542
362
211
506
135
781
35
382
648
755
739
42
208
798
17
749
55
524
247
663
544
22
925
696
63
8
73
611
1
83
973
263
496
226
454
948
418
77
991
322
259
870
597
984
625
603
570
60
742
370
720
447
97
987
587
74
685
64
922
365
659
618
924
553
993
795
197
162
625
197
880
606
108
339
325
421
933
716
243
807
354
894
309
382
409
784
937
857
567
966
26
487
198
647
738
925
918
80
807
620
548
776
70
23
630
233
940
511
686
609
473
832
395
394
792
952
367
877
856
345
157
175
445
832
644
928
677
941
785
274
616
469
711
40
544
155
981
170
294
603
36
201
968
80
113
777
754
660
850
906
316
320
82
135
718
91
54
857
744
256
924
766
961
922
91
567
309
555
860
923
192
605
434
239
665
189
470
102
690
749
652
489
494
739
356
574
897
278
322
605
854
484
703
270
645
37
913
282
0
204
651
625
604
678
610
302
951
421
859
623
632
710
126
532
536
334
16
81
965
434
106
5
3
886
833
101
532
263
457
183
794
843
936
282
687
858
452
265
54
27
72
339
682
806
279
956
569
686
648
154
483
961
166
613
44
147
123
550
682
575
797
151
24
347
409
759
387
938
483
627
628
110
301
704
330
243
668
189
95
27
944
763
675
740
347
209
235
723
930
421
803
216
665
353
76
841
382
656
942
569
289
911
201
336
606
879
840
659
756
126
40
152
120
425
455
312
161
598
807
287
943
633
611
842
569
164
185
779
131
476
2
333
925
204
525
142
233
368
420
968
480
217
530
755
208
770
163
467
423
335
293
523
991
357
732
513
648
706
890
711
19
530
953
972
104
296
697
817
97
326
486
287
82
81
705
94
714
996
830
819
467
983
841
507
187
99
156
386
155
851
729
710
432
548
865
350
316
920
478
711
729
373
864
965
423
854
948
438
983
586
191
796
613
724
417
573
149
106
292
357
761
112
656
564
212
212
447
345
854
587
952
837
156
799
781
258
491
717
370
750
576
916
12
2
382
369
179
245
572
861
230
654
516
385
293
771
682
623
318
589
268
970
468
734
543
602
526
234
465
387
872
130
348
718
493
550
854
443
637
625
827
909
402
265
203
799
502
924
287
605
486
108
525
883
23
710
624
666
962
618
568
418
3
585
507
316
915
667
34
554
120
495
928
610
897
471
562
578
39
318
122
743
104
291
941
20
12
41
895
471
876
754
789
226
870
631
301
61
51
104
833
390
216
276
998
197
699
443
528
451
131
275
428
867
394
853
547
784
0
596
818
708
562
987
838
874
53
594
818
951
204
295
951
672
782
571
36
70
49
735
221
221
41
13
711
682
198
939
773
688
704
629
281
888
869
754
717
17
31
822
395
489
995
313
445
745
160
347
142
571
448
80
380
893
292
997
430
633
936
509
519
121
887
106
191
366
516
819
630
331
435
650
123
439
703
177
320
58
855
233
972
816
593
687
339
894
694
36
901
306
971
916
482
24
172
437
10
35
206
739
205
430
643
906
336
313
202
478
259
407
179
386
346
294
128
248
71
863
552
815
731
408
306
366
805
725
890
772
178
507
682
362
40
598
353
356
144
935
159
795
143
553
137
283
588
346
733
269
878
245
310
945
742
415
271
311
693
926
336
328
202
58
860
340
749
876
169
282
889
29
460
834
986
216
946
337
148
782
266
358
761
692
40
467
48
582
416
232
412
576
424
551
91
665
249
503
473
16
854
228
189
538
745
910
214
666
406
219
632
852
237
137
171
271
236
920
982
874
574
891
153
56
739
740
903
63
842
575
595
725
918
618
647
520
818
85
225
450
963
86
763
162
153
91
442
450
80
674
123
25
36
335
223
77
414
313
234
111
503
241
508
8
848
639
401
261
885
896
703
155
773
540
862
57
109
279
887
816
813
498
485
555
905
896
182
494
81
109
782
121
324
7
176
645
514
123
262
299
426
539
702
168
267
204
968
292
864
403
175
982
83
827
329
170
273
448
933
871
57
77
381
674
755
410
388
984
673
965
752
480
307
882
993
11
361
582
203
442
383
395
843
615
868
439
215
359
398
684
244
642
610
726
152
979
903
617
166
234
275
965
891
342
72
398
398
763
283
413
821
828
370
484
460
150
777
42
22
734
630
802
258
583
513
471
904
110
115
518
585
145
989
561
929
138
969
265
344
811
180
764
829
858
58
450
452
812
401
86
955
611
529
852
591
165
256
301
425
334
307
846
5
89
903
732
452
741
267
686
746
761
144
959
718
219
253
115
672
822
925
393
102
152
453
913
844
195
548
238
304
246
892
800
39
338
917
21
995
77
124
990
893
523
207
647
294
9
969
158
79
901
11
244
215
930
573
200
37
531
992
106
99
305
126
918
899
884
350
657
122
15
95
452
651
281
561
181
550
15
983
308
684
673
415
752
434
836
411
391
83
690
716
723
743
519
725
975
93
57
367
14
711
132
665
761
947
273
755
870
302
648
981
915
72
702
74
505
383
825
148
233
174
974
853
921
250
950
311
462
189
436
510
784
206
823
918
62
435
717
307
778
700
371
978
270
739
487
304
428
473
299
796
195
656
620
844
53
864
40
71
878
568
698
348
964
498
559
771
722
713
907
963
912
620
140
880
660
476
8
350
794
726
752
746
827
415
298
463
257
123
28
157
672
949
536
800
67
931
697
266
285
776
0
67
535
940
99
715
902
13
940
122
188
138
706
167
456
973
511
505
316
672
554
131
256
667
758
534
849
282
422
192
264
606
204
952
738
762
567
912
423
66
792
337
795
667
835
187
835
546
148
854
585
640
459
964
345
121
811
941
152
467
267
408
853
797
180
38
554
580
480
468
336
276
869
566
258
165
145
221
257
59
522
752
24
831
715
750
601
971
203
703
228
866
998
743
591
747
39
437
756
693
476
166
781
609
288
989
305
237
984
175
835
94
752
234
548
339
444
570
675
83
312
693
807
336
295
479
929
533
652
168
716
121
993
421
864
580
821
388
419
358
746
598
631
665
143
231
88
802
228
680
420
89
752
497
275
832
762
946
878
542
601
545
459
134
100
261
564
654
803
291
247
427
37
32
498
516
346
686
866
901
9
143
451
978
260
473
302
981
101
127
436
369
990
434
400
832
440
971
143
261
740
525
233
145
888
572
356
883
102
911
872
942
740
799
667
51
833
232
579
114
688
916
26
59
740
576
567
12
970
898
896
865
56
740
507
730
842
547
303
291
837
134
116
648
593
33
658
29
232
385
491
638
143
368
234
704
579
427
819
802
720
237
813
535
243
843
906
691
950
400
412
800
412
304
709
689
241
554
281
489
339
933
956
746
765
617
616
234
867
537
165
20
47
513
325
403
624
795
768
225
22
49
888
333
563
837
7
754
307
463
186
274
637
40
173
589
589
157
173
225
230
501
860
562
352
938
562
756
117
922
304
201
344
522
587
729
741
162
999
315
450
460
555
992
290
19
555
427
407
181
115
649
824
43
484
754
462
372
806
944
127
94
951
402
186
524
685
18
143
924
293
87
470
557
630
99
814
422
710
193
260
406
449
537
537
5
848
21
472
764
781
125
509
977
668
954
102
130
498
853
265
588
960
277
131
576
39
12
330
101
549
432
811
801
96
752
793
775
766
278
320
645
972
696
475
911
805
374
312
934
356
968
565
904
525
446
671
846
421
319
472
891
254
463
97
452
852
570
679
943
608
924
825
794
287
328
122
399
918
195
649
253
400
217
917
171
437
601
511
120
609
2
514
414
748
144
443
943
163
901
420
328
804
53
846
900
296
451
695
988
793
167
976
362
815
483
142
752
217
767
152
884
130
600
214
213
994
109
954
402
355
319
87
595
361
573
546
688
781
689
608
522
411
368
836
164
102
44
551
347
960
905
771
1
458
170
28
603
496
140
310
128
710
778
329
937
125
756
304
699
135
473
192
279
702
285
792
508
992
200
35
491
903
785
402
541
749
237
373
289
241
93
665
415
566
603
467
284
819
535
843
427
790
806
183
146
470
432
638
495
910
597
415
558
539
516
924
736
999
868
200
149
219
120
339
961
51
551
513
320
238
80
541
787
799
75
179
49
409
701
94
527
447
390
621
287
967
388
819
309
48
272
177
430
184
457
620
275
701
87
314
636
999
531
709
891
746
358
4
341
607
630
931
769
369
91
956
767
938
714
913
2
651
723
17
919
319
685
260
993
723
226
530
688
757
442
561
843
928
858
448
688
410
427
117
110
307
937
348
450
170
987
744
384
202
731
910
737
400
736
978
956
977
396
816
581
348
582
427
679
775
775
240
785
994
475
381
723
504
776
982
441
638
402
955
710
768
554
755
642
177
744
109
510
318
812
851
507
875
527
384
305
36
582
360
463
469
454
188
126
439
783
396
407
900
420
316
108
213
246
535
596
377
602
98
463
878
739
759
262
478
870
682
478
733
997
961
823
425
735
6
448
499
739
631
953
424
53
103
97
861
531
760
370
547
921
37
604
836
901
118
395
272
950
147
402
999
890
785
48
904
728
325
891
322
782
342
151
643
478
299
594
475
864
47
348
938
184
22
305
290
846
576
48
256
273
205
969
324
756
917
556
45
855
621
388
198
640
82
716
93
859
710
615
57
500
862
816
817
808
168
17
504
998
26
260
243
870
613
176
71
547
123
645
547
721
798
911
497
61
49
199
500
795
820
122
69
961
461
76
600
588
750
140
762
503
74
591
922
754
37
107
158
443
325
103
28
316
4
876
781
499
858
512
190
393
912
649
742
839
212
134
239
970
167
547
954
211
937
903
313
969
599
263
898
327
307
989
493
976
291
198
246
359
854
277
850
178
296
101
186
479
453
518
131
366
454
944
275
429
916
2
414
328
998
454
284
223
219
167
975
617
724
707
650
48
779
115
228
139
293
304
755
709
136
906
372
253
524
120
744
921
846
332
944
180
538
247
285
143
485
711
420
337
329
557
359
315
970
244
977
755
299
494
46
615
578
116
528
25
856
923
164
603
295
546
154
492
625
179
265
835
840
192
648
178
947
713
340
937
765
17
307
493
720
722
977
326
393
941
523
912
822
65
830
315
760
621
175
655
901
738
223
300
745
362
442
673
740
261
656
18
900
831
134
881
595
558
609
585
389
865
177
460
121
201
267
509
351
372
538
762
446
148
624
982
834
494
156
647
986
399
500
325
9
553
577
191
737
976
121
787
718
558
859
98
551
539
697
134
765
107
300
237
942
125
44
412
404
818
750
10
508
322
211
844
548
740
612
48
936
786
885
552
858
147
165
361
380
746
582
449
396
886
479
657
768
494
11
10
76
46
997
410
531
856
649
221
688
993
275
560
31
451
536
924
44
840
610
671
622
974
891
521
333
885
198
548
971
680
478
637
917
3
950
609
730
996
546
134
173
541
458
617
955
131
31
796
599
963
171
801
443
369
557
679
592
898
497
884
728
859
353
915
473
419
336
770
650
971
460
951
991
809
470
739
218
582
778
830
191
52
747
59
159
804
298
237
206
340
503
605
723
909
390
796
259
704
190
192
896
967
433
956
502
27
304
359
407
910
169
679
455
876
990
919
734
536
174
727
640
378
315
813
151
144
782
538
456
540
307
527
284
125
796
368
465
712
551
983
664
577
970
647
785
633
648
147
962
877
631
408
757
821
545
333
883
833
312
781
666
129
515
983
564
984
895
188
886
225
929
908
98
243
38
835
171
158
229
988
486
493
115
453
800
34
191
398
794
990
873
65
903
247
921
723
130
667
423
182
108
963
165
697
56
627
433
982
134
362
882
845
607
576
309
530
527
27
126
376
120
314
95
366
930
482
742
295
66
652
742
150
704
859
484
295
587
812
245
97
980
135
128
993
279
913
52
533
302
768
494
131
331
286
57
1
740
145
619
971
228
19
620
591
733
725
672
198
115
403
308
979
312
32
965
367
491
171
284
71
453
997
134
164
394
241
421
705
927
508
467
931
215
508
913
588
375
262
318
17
1
511
87
648
289
215
542
72
673
795
301
518
309
222
455
633
253
280
135
141
474
284
232
467
816
112
316
447
653
366
483
128
468
681
605
717
306
199
145
46
500
7
543
864
652
775
485
308
832
705
365
743
389
30
821
458
231
994
41
632
206
609
839
449
430
152
786
19
849
658
656
719
800
95
861
98
2
988
19
7
181
650
950
617
920
715
964
326
75
316
889
726
863
306
296
93
289
613
100
555
573
926
988
882
427
852
687
653
109
407
672
64
94
568
169
688
738
374
368
211
771
794
312
967
911
515
543
452
909
459
99
437
300
514
226
317
484
718
614
837
943
211
324
662
15
706
250
199
366
906
247
622
428
458
606
691
789
711
413
564
700
596
328
517
594
397
264
140
20
45
364
257
55
704
277
338
598
862
533
775
572
906
266
742
328
492
196
745
854
350
397
94
991
560
750
242
263
443
638
19
587
130
302
411
893
968
829
814
901
735
80
850
916
972
718
361
156
7
141
113
221
479
436
597
912
914
751
161
453
51
847
369
139
911
940
411
945
37
207
12
77
751
496
892
666
626
274
811
36
231
47
549
197
400
515
450
944
181
195
951
48
252
240
742
80
447
409
70
40
903
927
936
120
893
144
487
617
380
729
570
302
464
59
924
250
747
202
452
447
928
990
244
995
647
643
335
915
400
818
705
551
761
225
299
483
2
889
136
183
567
905
652
121
419
177
33
393
424
46
131
428
119
234
493
266
168
939
316
666
797
954
513
950
263
146
212
301
834
502
143
269
363
745
254
357
754
907
350
469
58
262
190
274
271
395
643
643
517
352
805
127
114
873
670
564
1
884
14
539
399
893
997
212
320
74
76
387
223
421
493
860
104
606
558
645
518
746
457
224
516
165
506
440
49
687
478
479
317
66
146
381
157
596
780
106
445
57
478
836
222
796
406
983
544
111
776
182
233
153
554
473
41
854
503
797
339
993
705
994
991
762
504
697
298
380
241
294
180
240
814
811
81
686
737
386
529
82
693
794
934
664
267
478
829
309
438
580
848
317
196
409
858
11
299
1
198
947
113
310
81
975
682
920
614
108
490
942
352
108
111
976
195
150
229
937
773
160
250
564
444
846
750
573
998
756
753
760
931
937
766
323
699
505
56
909
191
500
511
143
956
470
796
532
363
776
612
274
991
652
896
454
893
488
985
716
596
608
683
677
52
466
265
73
86
285
839
3
740
189
689
853
156
566
929
924
391
144
850
209
598
266
958
570
134
356
578
956
925
897
757
468
687
743
743
57
693
16
446
184
590
507
319
367
927
660
806
286
494
496
239
583
523
223
822
247
989
41
577
770
440
744
688
501
996
839
470
466
414
332
424
27
483
639
416
79
303
808
222
175
111
285
468
447
560
693
747
109
504
864
8
660
315
314
411
193
88
465
341
707
227
89
714
618
585
976
680
153
50
788
169
391
653
810
836
374
16
335
1
579
490
247
841
527
681
31
883
13
170
817
111
602
894
900
946
698
117
405
380
595
410
607
606
797
777
596
427
512
599
475
90
324
530
979
475
73
122
738
568
65
57
949
804
151
543
345
785
107
207
170
898
467
677
56
169
712
561
234
713
750
810
270
216
498
298
286
920
835
459
252
300
991
645
488
378
884
365
127
783
966
699
683
780
674
761
951
698
492
403
109
935
417
220
321
406
871
488
887
57
266
278
180
645
997
431
784
532
636
218
514
353
142
989
527
584
842
136
941
676
774
980
204
348
392
98
651
152
135
571
874
543
658
865
184
41
371
475
3
736
273
276
607
478
86
287
297
874
278
570
169
836
160
537
962
213
908
391
364
627
81
447
113
801
59
505
186
169
94
760
890
595
803
488
308
776
982
300
426
518
595
665
753
658
202
241
931
515
489
317
239
97
191
47
514
564
14
607
58
120
814
700
56
737
582
805
963
892
853
706
163
302
988
196
2
545
516
364
596
536
132
864
920
228
226
89
580
244
780
371
868
735
406
495
667
555
373
182
758
969
756
675
718
784
731
623
163
885
479
902
536
585
196
505
203
938
46
538
691
603
552
695
131
306
684
128
488
809
831
193
397
688
312
197
909
830
716
278
213
858
620
59
841
523
307
172
693
137
443
321
14
813
668
826
17
434
595
433
907
310
282
786
237
207
181
761
886
715
847
123
308
917
897
606
178
236
798
588
744
785
2
438
218
312
54
313
857
253
440
482
30
664
287
230
426
536
465
875
914
78
860
6
190
423
822
688
261
707
709
504
653
564
340
365
146
706
929
430
81
322
283
719
603
592
604
698
319
284
51
892
246
602
335
980
567
633
796
763
815
660
731
881
985
903
128
525
383
250
99
791
190
305
586
958
343
153
768
853
647
23
227
486
102
343
655
166
719
38
803
872
75
452
938
100
317
137
131
91
879
619
243
871
807
429
56
934
737
362
982
255
322
479
186
342
389
867
155
713
976
4
368
103
837
249
907
107
682
138
852
957
385
98
263
530
759
423
788
52
838
481
512
782
194
117
647
942
512
644
219
853
767
900
845
101
467
214
201
627
160
326
115
282
74
757
499
513
337
598
292
757
293
746
474
682
924
585
380
249
423
527
407
902
676
618
301
240
885
468
101
652
297
289
91
741
548
66
822
832
661
40
427
864
815
855
266
730
441
455
321
587
719
164
130
938
255
626
455
61
487
986
138
141
919
738
101
948
95
315
697
73
474
541
805
673
695
953
696
99
187
860
921
162
705
350
349
212
86
90
673
472
552
626
2
212
92
585
474
739
632
686
920
793
849
254
45
978
538
293
733
632
838
222
250
102
419
864
703
144
836
375
392
755
862
729
688
264
221
165
850
259
873
609
735
341
919
716
292
35
469
389
762
782
715
194
736
662
561
496
194
340
321
68
369
678
435
218
403
1
16
984
218
230
586
920
579
571
617
823
156
101
390
818
421
944
943
348
424
325
25
85
898
347
198
114
369
139
948
530
467
4
941
694
424
612
910
447
540
156
449
295
636
750
408
248
52
494
705
696
4
573
383
16
892
613
679
60
826
815
177
561
973
942
364
764
183
536
361
481
861
558
565
13
802
954
340
988
104
466
105
787
868
712
449
572
411
260
618
820
131
703
790
41
960
195
947
371
977
888
863
468
448
795
536
174
540
500
716
102
57
760
124
2
514
755
836
828
678
73
29
352
537
276
27
997
758
797
864
697
103
185
952
473
371
164
925
386
872
159
661
857
787
841
753
443
125
156
352
376
490
594
797
22
808
98
837
374
257
253
638
851
535
716
729
258
991
940
676
784
397
820
679
12
956
464
80
997
102
349
19
887
406
970
575
682
154
595
257
331
765
138
640
795
662
654
652
793
453
103
200
570
3
286
802
56
723
672
160
828
806
316
107
637
277
354
448
687
801
643
43
136
196
167
378
316
327
609
675
411
2
776
750
420
738
249
573
974
189
824
1
433
774
761
768
774
23
775
216
262
267
822
380
275
609
274
370
464
382
250
142
672
766
514
73
712
470
637
758
213
146
627
271
527
497
366
721
25
6
315
388
22
827
83
972
372
938
977
511
537
24
491
879
767
954
112
656
721
54
348
563
895
154
669
404
22
289
508
988
116
758
799
444
618
116
331
869
458
942
940
547
30
70
695
922
435
604
11
427
852
59
168
165
649
280
77
776
669
334
579
286
705
461
483
152
818
253
503
218
22
389
370
750
738
369
977
960
384
663
828
460
609
428
941
995
263
828
400
593
523
533
255
455
536
565
722
194
451
91
294
761
940
25
403
561
30
359
670
334
336
825
749
782
357
827
582
400
640
875
708
885
399
14
687
220
942
638
229
855
883
264
579
809
539
671
34
68
488
489
602
254
610
223
47
768
684
783
744
750
875
141
680
314
18
418
426
16
29
890
239
861
120
791
481
87
481
534
582
766
428
381
986
508
162
746
15
709
791
367
447
279
189
940
215
749
747
248
247
857
223
513
600
493
713
708
152
376
725
715
508
777
306
983
341
909
789
469
18
21
177
499
735
66
155
603
660
470
39
773
765
453
135
50
467
765
17
964
359
491
8
91
261
998
692
431
921
57
61
285
772
769
781
351
421
609
997
88
3
910
905
252
935
427
998
397
356
544
224
655
686
830
272
219
956
181
859
465
504
557
526
862
587
474
816
844
588
198
648
841
582
846
825
566
188
897
993
664
813
645
226
168
354
42
397
749
849
513
995
278
289
716
215
579
477
8
176
186
570
395
971
259
492
906
123
204
186
166
368
875
145
559
175
278
166
566
607
154
425
942
700
922
714
362
91
957
518
132
648
111
141
9
473
206
190
221
509
263
225
797
306
908
268
832
988
883
116
888
324
332
669
931
177
946
834
245
496
985
629
264
664
668
820
971
864
20
555
468
188
428
838
643
192
958
587
43
345
191
978
318
615
967
432
174
539
745
112
555
632
589
398
98
839
102
343
297
223
114
714
787
795
951
430
90
803
258
999
644
311
514
800
991
311
44
661
85
63
811
730
135
881
846
39
990
984
622
855
911
536
11
448
169
935
336
510
414
592
349
208
629
701
99
325
53
117
332
326
408
933
252
471
573
840
282
527
434
217
882
152
560
334
125
384
287
943
206
180
340
929
954
148
379
689
428
587
67
800
946
527
489
725
445
161
90
790
216
295
59
463
704
997
698
694
415
549
343
524
216
629
898
971
161
958
463
508
318
860
218
997
450
128
69
805
761
556
479
548
66
298
711
548
660
294
855
445
38
995
432
727
175
958
727
161
583
218
489
788
118
109
173
610
820
64
30
132
792
889
787
564
768
245
331
267
191
695
976
611
563
208
978
791
846
817
676
626
624
704
314
566
690
59
963
685
636
274
334
432
604
79
41
373
821
385
840
809
620
499
566
954
438
286
291
104
280
264
848
37
612
880
423
610
418
153
822
570
947
451
253
601
259
425
223
637
254
311
855
133
224
568
443
433
176
774
243
476
227
4
523
905
199
974
925
79
657
999
605
499
475
684
660
599
708
602
48
669
968
451
208
242
89
93
744
542
371
827
599
98
731
731
190
703
275
521
823
432
96
325
267
267
809
846
396
728
937
198
101
923
299
376
475
568
64
551
681
992
293
271
927
56
425
458
113
625
201
506
387
177
759
171
267
726
377
637
115
940
74
300
454
965
510
407
356
900
905
514
562
825
432
640
412
177
258
440
656
292
474
778
928
412
246
192
982
167
358
129
102
554
836
881
510
233
943
12
759
523
64
812
204
582
850
642
878
728
997
990
338
136
967
49
272
955
902
339
612
201
799
88
366
737
448
744
701
810
4
606
913
196
46
29
69
909
403
412
742
313
621
285
385
134
798
534
2
552
430
240
271
658
102
285
44
272
148
912
899
631
253
35
353
440
415
389
949
556
299
352
490
243
851
695
836
72
350
837
533
546
873
79
758
668
993
647
815
106
748
336
862
21
45
600
929
60
493
27
316
956
165
314
69
886
198
662
290
183
990
24
126
388
395
826
351
503
855
86
886
8
874
238
241
172
21
435
333
300
481
831
516
956
885
520
136
737
879
988
100
81
482
284
250
377
806
216
294
984
363
134
530
908
748
367
577
998
135
323
591
819
11
220
289
907
613
251
159
56
200
123
971
566
306
475
320
805
981
386
152
815
525
276
155
102
206
328
571
554
823
716
238
971
990
669
801
259
275
600
121
40
910
568
694
865
756
788
496
809
7
850
672
118
814
380
668
838
391
40
597
41
835
101
770
777
81
998
952
736
800
615
126
645
637
453
656
39
176
79
790
700
61
299
312
248
432
833
385
808
191
197
591
853
972
451
707
479
523
238
342
192
344
881
728
329
439
627
286
607
618
234
754
720
881
596
647
305
59
139
208
6
140
548
509
594
878
539
173
79
931
933
871
163
437
784
690
696
354
686
604
356
862
437
302
843
753
147
931
823
942
252
906
462
239
964
615
473
133
739
832
926
764
728
463
669
634
863
729
418
821
630
437
405
832
647
683
943
219
349
330
774
898
773
488
590
233
531
613
766
385
163
76
201
861
615
976
228
411
760
351
959
344
385
171
911
544
661
700
798
684
595
827
345
492
906
20
430
927
480
647
973
368
171
50
826
880
471
46
31
75
27
292
257
62
312
244
290
706
399
873
526
214
572
524
774
899
538
323
458
303
973
71
312
146
400
750
784
614
734
469
408
149
0
548
496
960
692
87
685
327
958
33
324
215
726
202
303
710
343
279
229
820
730
482
101
782
50
933
766
583
939
955
750
643
835
406
872
573
853
45
666
535
708
298
720
684
829
307
670
399
931
303
971
721
835
359
155
163
441
462
474
940
965
321
365
866
556
123
674
635
702
515
511
228
794
543
142
641
598
984
965
627
856
515
947
176
636
497
119
567
469
100
567
112
879
128
895
533
762
828
974
251
729
917
154
271
821
487
789
763
37
505
879
269
549
645
450
764
525
46
374
198
881
696
478
637
363
345
471
322
499
630
346
305
9
334
949
281
47
798
709
542
247
548
484
549
546
649
506
216
266
80
39
884
666
10
497
629
394
827
900
979
723
383
532
247
210
833
307
604
906
603
8
127
428
866
79
73
487
813
638
554
279
657
577
721
226
225
744
331
502
122
692
122
925
276
723
656
352
450
576
913
717
935
472
828
117
560
640
489
55
741
664
309
166
279
676
241
458
998
405
312
397
606
654
775
445
93
991
419
392
877
107
183
960
737
264
658
249
548
741
893
803
224
708
39
902
255
647
699
342
172
594
956
539
167
670
160
571
827
609
891
592
604
755
608
402
805
137
536
744
590
628
521
285
980
683
986
590
706
303
74
141
300
463
752
762
553
521
293
452
849
805
227
374
988
994
446
240
903
946
82
199
670
757
837
375
819
273
562
716
672
634
199
576
417
192
145
871
837
429
524
350
111
815
877
821
73
603
43
219
876
516
131
442
70
822
717
43
440
673
854
554
999
944
83
734
463
523
504
694
489
46
439
947
295
684
80
685
220
959
236
371
436
819
179
508
599
203
76
169
668
942
575
35
40
761
265
851
990
809
158
590
813
674
62
616
195
175
127
582
111
295
643
716
306
255
478
890
325
534
627
764
766
584
299
88
512
532
611
304
577
973
141
497
887
323
718
858
0
283
482
707
396
205
865
1
252
335
460
890
829
585
627
255
106
455
118
529
883
832
605
424
288
69
581
938
830
420
806
139
80
36
187
800
135
28
3
388
758
982
797
870
411
253
871
17
913
342
288
5
913
395
794
509
419
359
55
602
660
454
310
773
303
17
367
896
617
139
440
308
627
277
9
166
238
308
452
880
937
380
545
635
928
857
89
76
90
276
168
124
182
385
850
179
484
583
436
642
196
751
672
541
801
310
846
523
126
705
885
521
355
988
477
498
508
731
947
41
907
457
327
601
894
771
823
115
600
859
175
205
669
303
880
293
687
193
964
98
216
245
730
725
923
919
491
869
563
977
59
689
675
258
113
259
876
488
28
509
126
901
781
31
622
921
106
445
736
457
710
792
601
899
475
316
771
293
828
942
87
752
626
7
58
687
778
627
486
851
865
528
841
334
704
28
760
511
120
971
16
349
729
399
372
204
981
743
955
903
318
853
883
824
894
800
55
216
638
677
730
561
193
738
386
472
266
830
713
497
104
344
422
226
824
533
873
564
857
701
26
779
30
21
724
579
488
700
427
84
244
932
731
827
225
299
136
458
47
842
618
134
3
917
294
131
705
577
768
640
923
927
506
363
228
472
865
613
811
951
139
75
909
19
648
628
48
433
6
155
45
875
673
142
570
217
282
16
330
171
363
453
681
550
824
112
950
242
255
230
629
29
567
431
643
754
509
837
294
477
166
814
196
802
291
64
622
340
58
157
310
939
817
28
445
176
281
543
639
950
750
59
980
522
866
423
875
494
237
288
94
753
191
724
824
974
313
504
15
811
833
963
819
406
113
250
356
204
627
807
340
372
509
121
266
518
275
322
264
749
303
490
656
217
391
200
553
899
34
921
208
937
707
510
412
203
966
920
564
415
370
244
502
931
161
16
148
190
405
276
728
356
750
70
207
639
33
753
163
420
790
561
184
102
873
951
511
199
899
793
695
601
901
59
258
394
942
306
845
701
597
308
79
453
63
298
930
617
289
773
898
370
420
15
809
763
911
635
492
497
918
470
737
985
205
607
272
192
147
78
18
364
448
572
157
217
546
809
639
971
256
109
805
847
986
175
74
797
42
305
969
708
331
492
908
541
975
908
513
209
333
120
173
735
320
779
749
465
611
189
736
868
338
548
347
868
451
902
520
826
967
647
977
675
965
341
936
483
506
238
555
244
95
175
936
930
483
739
578
621
617
604
991
272
279
398
669
200
583
749
260
348
545
494
128
598
801
459
239
458
462
873
671
183
971
249
44
171
390
341
453
989
692
912
747
582
165
30
264
238
66
38
156
201
928
354
887
163
63
343
19
871
422
851
93
449
812
146
654
665
431
672
715
197
40
44
266
106
740
34
974
689
778
969
290
880
146
910
179
478
149
360
979
220
728
345
129
3
697
511
530
205
638
720
831
352
727
239
292
789
267
739
609
10
926
736
659
816
734
83
101
659
748
37
807
15
574
806
64
293
143
174
410
918
887
920
332
786
71
215
280
728
238
908
283
731
776
474
590
169
742
245
924
689
73
926
96
628
968
462
4
506
238
197
986
913
333
484
936
269
623
79
834
968
470
102
96
607
650
696
183
61
93
448
313
509
49
5
607
867
624
545
261
204
576
717
566
986
665
622
801
385
139
858
862
489
537
134
502
702
349
134
87
297
4
211
981
649
616
741
754
161
710
167
725
420
679
150
417
461
68
233
946
668
616
772
286
782
611
871
540
403
582
944
951
434
90
828
354
768
884
489
589
604
464
152
175
187
953
688
388
248
50
550
783
880
807
396
948
195
453
819
149
186
250
542
592
944
490
124
925
778
38
418
150
269
556
87
869
715
613
985
969
236
563
594
715
547
784
966
957
456
338
388
45
337
906
128
260
739
843
767
390
536
93
692
605
852
295
232
432
532
954
838
220
77
887
973
540
895
107
62
456
656
185
333
275
342
4
512
301
314
512
116
55
387
627
239
414
649
455
674
68
875
743
705
894
877
467
6
266
119
964
243
939
190
931
516
315
785
301
945
283
52
294
54
428
566
146
224
975
220
902
936
788
382
635
164
258
707
550
895
895
396
349
584
371
74
199
292
225
597
681
466
573
75
125
182
244
737
396
830
469
257
714
947
192
116
488
973
313
578
366
722
880
879
657
482
503
433
224
337
858
788
482
899
9
715
939
228
215
854
643
204
643
372
853
521
161
641
430
812
242
394
51
766
386
446
884
994
16
5
659
882
607
739
777
798
880
974
470
253
525
889
624
852
784
649
973
196
97
190
731
910
388
499
786
43
948
509
891
291
817
561
450
560
248
959
444
869
959
373
456
359
583
255
384
605
250
4
831
410
791
70
235
749
270
777
405
564
348
890
831
493
184
37
224
462
345
425
793
583
371
285
13
797
169
482
949
414
560
274
814
907
396
372
538
421
723
14
748
9
118
80
374
22
935
625
243
486
515
266
299
86
412
592
128
888
956
564
224
860
379
159
443
447
915
277
758
862
107
700
781
865
359
645
308
211
727
913
277
922
173
321
583
594
579
799
76
549
55
549
630
817
494
717
105
471
366
943
768
498
560
163
502
573
531
980
867
260
53
479
766
286
148
696
595
466
246
324
515
234
986
731
265
32
992
137
650
88
83
864
322
880
582
905
821
879
312
731
505
300
210
569
794
373
143
96
165
22
627
422
788
190
384
630
302
313
968
521
269
214
119
341
218
794
242
685
198
884
194
965
407
624
752
885
989
325
409
412
404
423
298
29
438
917
314
642
525
352
361
134
167
462
85
699
316
781
90
464
978
238
493
271
835
193
496
542
416
954
890
656
400
328
429
66
819
350
831
568
391
7
392
977
843
177
171
239
723
374
458
274
917
372
496
922
47
277
188
849
228
501
16
3
720
526
943
501
302
140
109
828
878
676
370
494
722
605
320
666
929
649
30
303
72
521
284
930
177
883
706
998
637
732
159
647
333
595
289
885
254
398
637
834
316
970
649
406
805
720
101
511
780
344
577
297
520
68
956
306
276
89
462
184
765
185
21
339
922
767
48
66
848
15
137
436
824
80
969
618
560
351
179
618
297
834
362
981
526
556
225
790
977
506
800
81
845
425
887
721
752
900
267
911
629
482
624
153
153
385
801
833
94
423
804
994
759
671
242
205
568
623
143
708
805
41
112
86
722
124
53
434
586
751
535
141
628
155
564
970
97
44
735
696
685
256
878
9
962
559
773
137
218
358
103
293
969
114
833
335
411
462
508
217
671
446
829
834
845
407
685
58
575
437
370
575
513
924
250
275
430
151
895
461
600
68
892
972
567
983
306
793
244
47
756
436
926
643
785
29
219
399
539
518
596
70
931
799
598
475
549
903
355
558
5
504
718
276
856
327
925
247
516
502
781
862
750
837
546
490
11
614
274
841
302
136
566
143
513
214
428
994
874
507
412
292
196
555
590
104
344
785
38
608
622
870
185
84
775
404
347
228
681
632
372
707
465
788
453
410
797
746
336
460
385
11
66
680
974
110
723
695
472
435
3
482
898
454
987
192
678
482
979
294
93
537
856
390
5
906
462
396
171
301
948
487
189
304
66
272
33
989
531
550
851
770
975
428
710
774
17
897
555
163
406
820
766
521
494
596
987
127
93
882
431
647
886
90
925
66
788
147
748
992
765
172
238
837
843
419
251
859
982
142
320
769
222
79
264
973
258
743
958
933
751
199
936
399
69
928
794
52
738
201
34
833
455
497
636
268
238
562
708
603
776
237
246
336
590
905
272
371
938
815
962
64
111
348
508
326
563
29
611
603
840
375
851
565
706
963
407
969
685
80
532
581
564
143
68
520
277
630
776
570
835
147
567
236
514
751
501
486
986
940
530
439
905
714
783
135
154
899
229
116
817
278
639
346
881
148
40
120
978
184
814
378
325
369
911
64
419
611
748
247
857
895
176
197
30
506
505
449
212
66
152
161
252
645
309
118
918
654
727
275
905
622
75
376
336
806
229
800
356
506
34
807
882
500
314
413
476
791
477
267
292
726
352
427
448
521
714
416
467
496
742
800
873
469
899
889
970
180
632
659
980
314
8
600
255
899
927
192
315
280
970
346
43
816
292
294
780
855
132
258
75
743
429
503
950
144
886
179
476
784
463
819
795
776
440
712
387
381
631
271
48
835
353
438
451
711
138
422
227
747
385
573
242
509
505
547
757
543
980
71
225
87
512
142
633
334
161
172
25
984
417
596
54
7
216
701
90
628
569
545
909
286
956
914
636
670
151
107
645
727
92
234
169
695
206
280
679
733
962
865
280
92
974
688
414
426
268
764
691
997
967
592
479
964
404
333
991
544
717
687
946
589
443
766
791
764
963
477
765
77
886
783
685
620
588
323
957
691
449
868
479
190
520
194
153
185
828
319
508
880
716
520
798
373
396
263
488
160
786
873
587
618
847
532
264
692
64
291
756
496
217
691
514
893
585
55
352
337
314
862
201
757
439
448
11
851
688
337
400
284
72
114
111
157
853
181
993
588
654
742
612
502
971
899
441
541
90
318
777
897
415
418
223
448
995
829
200
360
447
623
27
983
126
843
771
583
780
909
15
722
41
61
705
456
795
330
77
549
687
225
765
239
623
585
279
585
331
984
391
496
665
358
169
669
185
596
631
883
792
222
36
483
40
704
539
744
933
402
147
259
389
10
502
59
580
828
78
6
602
663
609
975
945
617
890
580
82
807
34
87
169
761
775
400
304
567
951
987
994
842
140
989
621
206
590
441
140
804
231
361
128
231
712
499
258
571
204
635
863
474
99
536
383
911
260
778
588
651
264
180
93
803
270
883
780
465
824
279
218
967
874
835
84
369
622
776
448
270
849
638
230
382
724
580
870
249
319
416
284
449
729
301
946
577
894
947
233
465
743
985
19
5
483
805
205
534
309
613
277
77
248
439
281
263
157
89
8
159
518
400
318
221
333
760
910
939
185
256
781
292
691
368
426
762
844
43
818
433
850
872
732
542
735
524
461
531
247
367
944
838
124
119
623
335
91
890
46
551
415
530
885
103
485
668
650
445
242
484
919
943
766
355
652
553
883
44
35
5
130
890
658
699
261
313
658
272
954
215
714
423
360
799
913
842
675
175
360
365
260
819
412
968
654
363
114
72
604
348
994
291
159
644
667
872
269
730
817
56
390
393
0
610
198
456
906
511
400
964
238
319
982
351
390
866
840
34
367
593
471
507
520
498
990
167
774
68
260
450
72
260
435
696
762
528
304
322
306
168
66
47
747
972
744
761
986
671
784
339
137
43
823
666
357
920
288
939
2
306
789
301
287
678
350
970
749
778
104
748
168
73
219
238
174
425
643
274
227
6
77
611
466
373
75
274
964
151
90
857
272
455
550
710
83
60
397
660
312
403
774
601
305
318
209
182
967
574
34
139
200
74
787
264
561
442
517
512
160
836
530
330
379
259
382
856
690
894
885
291
974
109
539
296
355
622
346
550
31
983
695
108
54
542
36
362
841
649
137
87
845
621
342
225
767
524
10
185
429
206
932
330
676
237
409
516
967
602
427
671
841
376
764
5
86
915
763
284
470
254
558
210
733
19
929
631
339
363
727
19
244
234
683
189
314
758
31
685
733
594
727
404
580
895
613
939
447
271
31
854
278
528
130
747
268
731
276
826
207
148
524
490
849
706
719
277
67
854
805
552
707
846
24
823
42
507
766
844
30
188
46
14
41
483
387
453
527
217
927
176
44
153
231
20
557
49
933
910
234
666
503
162
264
783
135
697
886
978
686
112
667
245
69
643
990
402
986
10
522
231
8
410
666
210
232
514
978
950
143
572
920
858
551
281
689
189
573
245
274
957
116
377
826
6
625
256
469
905
695
234
772
973
50
606
928
125
51
819
974
528
245
282
438
938
88
820
648
522
507
688
756
694
614
376
177
895
915
942
630
770
826
402
78
868
184
655
255
262
239
632
249
337
267
5
74
677
111
631
27
919
788
51
179
724
950
87
203
753
83
136
987
392
491
577
242
646
778
766
75
564
635
877
835
955
371
594
551
37
207
836
651
76
184
23
483
271
875
812
834
704
599
317
731
853
262
317
16
12
923
137
308
800
694
147
749
8
928
686
157
464
847
706
107
261
772
767
724
777
25
434
828
666
763
291
755
442
370
105
4
864
421
797
730
951
418
621
539
290
564
505
987
709
529
166
950
948
240
841
316
