41
112
298
795
930
85
669
827
994
422
860
775
525
561
395
839
58
222
267
405
354
159
814
3
448
773
347
606
759
402
702
129
435
122
747
227
884
361
894
432
80
588
447
932
919
367
153
217
692
504
557
483
181
923
715
281
293
115
86
286
997
576
114
332
697
92
223
477
406
885
124
578
890
484
873
538
569
663
823
140
219
963
129
701
982
873
647
956
967
28
648
635
355
734
921
334
654
278
52
329
713
313
737
978
104
615
35
575
735
566
301
269
148
392
474
661
634
376
917
435
894
400
682
96
347
540
447
440
388
170
590
7
123
732
612
20
534
532
815
984
280
730
541
609
723
155
585
462
205
572
531
390
982
783
290
152
12
831
527
122
639
40
970
708
311
586
974
642
202
768
169
259
562
924
803
573
752
576
166
737
602
765
280
892
280
758
469
353
564
456
543
73
192
972
719
303
523
116
61
726
38
329
162
628
115
809
375
206
184
147
420
400
551
659
292
663
628
985
82
242
344
141
322
954
829
853
943
206
519
429
448
800
159
579
614
879
620
639
381
153
403
512
190
404
626
989
643
726
773
799
620
348
666
724
632
828
329
805
504
667
860
779
533
738
787
897
573
572
560
87
587
398
416
437
15
837
881
629
502
305
602
995
943
533
490
570
471
289
391
237
455
655
343
131
917
780
799
723
937
203
450
379
367
845
761
880
863
62
387
958
285
209
246
217
339
867
369
267
623
920
689
508
367
846
301
837
10
131
907
551
462
453
592
643
271
900
633
813
976
359
481
171
701
155
59
832
774
104
648
478
950
206
641
872
718
651
264
348
329
406
164
560
708
45
439
816
512
966
410
417
860
913
946
802
893
882
337
249
782
880
80
406
173
140
481
651
899
739
329
966
518
806
711
54
993
730
252
893
447
870
661
816
982
79
789
935
579
431
242
159
621
934
271
571
517
967
485
87
126
271
969
239
326
701
373
885
428
107
945
385
106
748
755
476
243
629
536
636
622
444
754
408
577
11
794
480
257
255
806
126
969
467
252
918
817
318
360
622
636
408
861
387
282
492
134
99
79
541
155
450
420
987
160
608
654
409
242
421
527
921
289
242
281
782
115
370
189
550
788
306
206
684
828
229
311
165
11
533
50
632
766
430
630
631
621
515
883
755
56
171
66
83
84
826
212
371
539
274
439
513
298
352
539
919
615
199
155
963
92
703
346
452
830
180
695
116
784
8
805
687
985
637
46
829
950
575
344
65
594
530
373
799
376
724
256
589
239
357
160
392
343
994
142
233
951
836
80
13
484
144
316
265
6
261
393
43
907
797
447
42
304
470
59
176
473
927
233
847
568
411
197
826
76
294
966
405
229
386
47
538
412
196
99
140
756
884
938
111
435
962
5
829
486
693
937
562
251
407
527
208
774
849
83
443
759
796
170
199
358
858
592
671
214
417
200
647
946
179
733
927
676
505
384
687
666
752
230
506
149
183
822
756
544
620
501
93
631
43
899
485
370
826
230
528
499
695
29
433
537
478
229
786
872
82
522
491
62
568
914
346
893
655
379
583
133
289
734
64
562
527
241
833
455
559
171
18
475
102
842
922
812
767
462
467
253
9
251
367
178
471
881
549
537
489
564
965
367
66
786
327
910
999
159
678
854
490
947
329
672
670
485
559
502
272
971
668
891
707
214
554
646
718
992
541
841
671
510
228
301
715
176
831
238
962
124
712
54
250
667
791
998
468
427
846
157
45
391
219
258
292
785
348
432
602
238
623
269
381
890
607
839
592
476
832
353
914
984
271
49
678
979
448
547
321
121
281
675
389
736
549
266
957
265
213
460
139
228
684
3
893
737
753
493
494
989
653
883
659
928
248
827
543
332
985
750
207
733
215
696
138
278
452
618
844
654
65
540
36
251
940
412
295
631
325
845
979
428
76
323
373
731
20
901
51
98
231
400
134
678
214
640
110
41
330
283
955
410
395
203
940
867
901
493
950
622
366
489
133
422
294
316
14
360
521
12
46
935
441
681
487
436
865
636
715
720
977
758
529
426
92
825
924
489
137
952
593
656
63
889
508
149
879
524
327
281
496
698
891
300
517
643
716
672
18
956
21
52
347
412
758
731
416
419
130
100
147
240
204
25
577
626
531
37
710
171
306
521
919
422
962
737
215
763
710
128
480
868
763
87
937
768
409
31
534
477
467
861
101
5
12
10
452
402
837
67
666
156
10
665
426
381
410
492
351
379
300
992
997
796
971
714
106
920
397
270
201
399
643
852
179
