753
897
794
883
530
952
309
252
698
293
230
929
698
288
678
376
942
620
244
968
104
354
50
752
815
52
757
75
525
726
155
421
285
569
773
776
189
891
81
444
943
654
638
458
70
11
659
579
566
304
114
518
328
265
30
698
462
948
338
729
254
505
850
49
986
416
77
202
56
173
574
541
700
602
891
904
202
334
628
78
733
562
233
15
522
579
593
417
395
114
482
434
814
939
471
105
290
315
847
18
897
226
86
139
703
437
272
913
313
580
371
381
850
539
28
305
177
519
750
922
148
357
0
500
734
667
909
821
41
563
124
878
844
579
115
334
233
576
497
201
466
42
523
999
221
160
73
856
157
14
736
96
570
39
64
674
326
648
621
939
301
670
608
809
694
422
210
480
811
298
854
424
373
290
895
230
441
660
738
876
956
767
965
393
168
539
44
58
954
233
273
146
743
887
926
952
827
700
912
399
948
114
44
698
530
694
480
290
525
608
471
638
753
58
734
602
648
912
525
233
78
265
541
579
912
943
221
734
569
948
497
416
417
338
328
674
50
422
52
580
293
139
293
273
18
77
850
482
628
114
844
354
579
105
929
497
471
301
620
752
767
354
574
233
49
562
895
539
226
574
354
518
148
293
500
922
887
371
376
621
421
750
694
854
309
104
301
954
64
44
539
729
466
315
654
252
887
326
948
733
434
887
539
954
354
891
948
114
226
52
939
847
733
854
0
226
811
794
210
421
157
357
850
305
42
703
562
856
821
437
850
480
254
458
965
202
562
530
298
523
694
0
580
230
638
78
909
15
929
608
897
371
954
44
952
201
929
844
929
52
539
569
659
230
421
272
541
539
518
233
114
895
698
15
326
290
729
620
86
233
0
698
523
77
437
160
733
694
814
96
328
52
794
654
698
417
497
897
897
776
328
952
304
659
39
326
173
736
309
913
290
814
847
621
338
189
700
39
738
482
230
124
757
913
608
539
155
42
458
753
922
660
999
202
41
821
148
926
265
539
734
41
776
929
776
14
357
64
986
301
41
773
909
570
773
628
500
856
290
357
821
500
909
497
201
44
670
912
620
81
49
254
114
328
480
393
895
50
157
678
309
480
929
856
64
738
621
876
371
471
233
608
233
288
621
78
155
41
466
44
733
505
466
648
539
522
698
124
315
883
856
897
254
77
11
821
580
814
939
497
965
328
41
395
290
519
752
518
986
44
416
381
371
293
293
525
912
73
518
421
288
114
114
290
539
328
201
328
943
700
968
18
14
338
580
441
104
146
943
252
909
462
373
952
579
569
952
912
471
64
50
444
458
288
371
856
124
75
968
157
576
948
794
654
522
373
86
674
49
811
525
566
114
417
602
254
628
434
309
929
233
891
139
674
189
519
381
14
124
146
189
313
523
86
146
290
703
334
105
64
876
173
854
14
897
904
70
541
313
252
114
954
373
64
776
28
39
891
15
726
421
887
64
844
569
574
233
939
726
202
416
434
954
621
773
41
678
30
922
767
926
201
272
458
160
814
466
202
81
105
776
42
458
272
939
434
381
844
354
876
252
313
462
952
794
518
752
254
139
850
670
887
371
381
272
73
539
847
285
434
811
466
458
148
114
698
847
576
698
252
703
952
298
210
579
354
569
210
703
698
41
733
965
371
776
86
965
522
909
948
265
576
811
114
417
273
844
371
541
416
416
500
315
539
86
78
115
338
767
895
670
986
173
734
244
15
776
767
305
700
883
421
326
338
334
743
285
177
620
11
608
160
523
315
371
146
96
736
734
733
230
738
850
290
221
471
395
15
698
146
811
519
700
285
115
434
794
968
948
794
776
887
850
854
579
939
847
233
674
41
904
441
670
999
393
73
437
729
519
416
952
750
466
305
904
700
726
909
566
338
965
757
698
608
105
952
750
422
28
734
252
814
381
729
15
471
814
956
954
897
265
726
570
809
115
694
105
41
897
376
254
954
698
202
541
654
160
497
458
926
437
854
667
371
569
41
850
750
576
497
444
948
254
201
757
570
854
466
50
244
850
421
482
160
519
357
202
876
667
226
290
49
909
233
878
757
252
757
660
579
480
273
273
648
926
776
674
743
458
482
821
357
500
497
700
115
539
230
844
648
376
674
811
579
621
105
847
579
648
574
952
114
986
444
458
541
139
776
114
576
441
942
815
189
230
670
424
466
371
189
189
926
49
376
11
574
273
750
177
738
733
809
562
114
912
86
252
288
733
700
104
943
608
334
811
743
233
298
373
437
700
912
891
922
81
434
466
273
570
703
