400
142
568
764
363
40
234
427
201
434
939
245
439
55
224
597
796
383
120
448
462
855
258
614
795
243
164
218
612
703
339
56
294
330
224
138
348
930
527
762
369
272
178
346
52
303
100
832
245
970
262
532
741
942
478
140
290
743
20
371
453
235
131
286
753
211
472
23
491
119
277
216
102
52
501
732
634
839
621
899
791
989
289
577
169
936
556
241
438
254
936
281
588
272
754
511
930
610
360
785
820
479
688
815
903
893
905
541
459
282
159
894
824
502
786
764
35
972
153
224
347
197
883
218
775
385
56
833
380
342
308
386
205
739
802
689
195
712
161
31
551
720
567
911
561
913
823
640
420
521
610
950
352
485
807
197
633
240
806
754
422
503
969
901
597
976
259
527
607
157
329
929
172
785
839
435
65
533
338
228
530
513
720
985
418
339
503
716
595
746
542
258
714
248
269
885
890
478
950
832
738
295
10
806
782
382
498
4
753
492
60
110
812
836
590
429
406
891
556
328
908
194
537
779
975
660
841
162
736
881
68
557
978
15
716
937
39
513
44
255
22
931
622
324
923
299
850
296
360
846
858
323
288
656
533
689
998
751
36
204
363
58
228
382
155
856
236
844
302
742
964
438
573
472
516
481
908
898
498
607
353
532
208
281
706
831
239
116
979
503
206
623
108
868
246
213
631
155
92
523
263
234
355
651
834
926
981
330
200
815
874
177
766
360
978
399
506
562
117
853
536
261
821
320
294
111
206
22
309
812
652
817
520
667
591
161
612
476
416
569
606
313
869
934
815
32
979
955
582
188
137
76
483
398
42
992
306
203
835
752
907
888
318
946
847
44
320
993
322
963
373
237
62
222
605
32
96
3
506
969
402
118
887
559
107
580
722
38
431
32
893
848
980
379
137
681
948
679
211
881
829
671
297
925
545
241
993
242
987
158
436
649
842
141
106
566
421
207
503
161
302
373
921
690
5
455
614
873
674
999
924
355
230
347
703
676
568
497
464
179
631
967
328
268
600
247
723
496
708
995
328
295
64
506
874
889
435
880
699
901
76
681
273
347
710
747
343
888
297
253
719
727
629
348
562
375
925
403
198
40
485
757
516
728
238
880
726
20
498
858
968
868
144
643
523
567
471
424
860
566
849
95
529
455
338
226
799
891
152
911
303
704
858
659
663
544
220
63
568
223
940
508
705
316
189
995
227
743
764
424
862
898
635
942
429
893
641
682
212
726
203
499
332
339
372
443
722
452
494
885
374
216
633
323
4
761
170
196
224
69
951
596
141
333
377
431
11
34
537
212
27
404
679
684
959
932
815
695
56
655
425
944
493
425
425
919
913
592
522
955
456
558
721
271
156
623
689
367
783
762
462
68
470
139
115
143
55
470
720
762
795
662
899
905
395
317
563
207
718
292
782
956
720
111
193
35
182
643
966
859
524
222
198
765
190
522
71
268
746
829
901
32
979
179
935
806
44
775
708
756
628
529
614
215
847
661
50
597
510
829
863
388
14
658
321
765
85
998
645
424
583
48
815
366
101
746
106
497
284
276
192
847
743
401
594
752
419
299
976
665
513
457
96
88
643
344
717
408
774
888
269
681
519
593
526
650
182
568
768
919
461
384
551
472
394
322
480
517
58
968
151
738
507
283
488
261
139
471
98
548
775
754
104
524
200
683
226
71
210
660
224
885
377
35
153
416
407
873
594
408
319
864
672
219
501
421
333
41
751
85
120
783
599
980
531
340
786
105
97
145
575
202
0
225
996
53
540
49
667
220
447
327
399
543
977
645
485
584
20
909
154
631
205
177
860
25
419
271
823
382
275
744
613
829
157
544
288
81
865
788
808
998
538
985
289
88
106
243
461
66
506
369
163
410
532
516
254
352
998
757
618
184
467
446
631
947
2
527
799
278
988
241
36
895
106
756
699
741
490
342
558
778
198
987
696
586
883
591
154
320
292
847
764
83
705
702
50
131
55
182
174
585
143
320
97
658
230
433
111
944
414
779
787
651
369
253
962
907
709
394
822
188
396
647
954
166
44
741
507
219
580
420
9
379
424
341
763
741
252
493
293
833
903
679
436
392
385
502
498
315
292
931
482
350
132
73
434
537
547
567
744
579
45
512
707
410
459
198
287
314
178
750
871
733
428
562
336
889
35
917
520
741
496
173
128
953
720
775
38
713
400
525
749
297
397
995
365
527
547
159
418
488
936
758
1
349
447
579
319
430
963
482
196
395
326
622
421
608
984
184
506
444
258
223
689
668
533
743
664
569
84
483
222
859
173
118
124
155
485
511
888
495
152
436
500
151
434
200
563
883
433
519
207
120
796
284
951
390
87
73
201
540
930
0
467
732
338
1
135
223
671
944
802
958
407
775
72
195
190
12
89
375
651
454
815
30
149
571
338
419
289
690
698
322
717
95
122
412
43
360
841
418
624
516
192
392
875
113
276
753
460
697
479
797
396
589
317
100
690
52
787
419
271
7
263
273
504
36
598
136
874
728
999
930
485
789
225
390
189
879
520
75
26
551
268
929
636
616
84
78
431
513
114
202
518
912
995
347
862
118
627
68
14
663
621
773
415
840
274
782
152
818
840
45
73
89
46
869
409
774
283
197
510
13
890
206
600
885
797
700
349
979
373
957
95
511
801
931
357
761
554
576
569
986
145
563
601
851
718
982
804
713
106
133
198
390
175
246
780
936
497
333
102
563
537
164
345
960
133
635
396
336
922
341
801
283
198
741
164
254
769
721
519
774
299
735
664
780
128
740
362
762
668
844
366
753
264
603
480
431
708
474
215
871
491
857
655
14
327
451
19
357
830
888
155
370
194
250
198
476
196
567
294
84
690
80
209
704
896
950
952
599
960
260
541
951
304
371
847
141
14
981
195
236
784
861
464
149
896
115
492
262
635
998
694
412
715
26
605
562
544
612
420
981
730
961
114
126
888
746
619
214
35
994
38
564
47
754
63
512
284
712
645
345
374
357
413
146
523
211
886
777
519
660
673
480
803
16
37
664
914
990
696
130
66
656
747
445
532
535
333
970
913
420
893
897
930
450
943
515
134
309
679
53
683
20
379
279
602
519
538
488
522
452
311
901
755
766
218
910
136
505
148
682
701
475
463
65
444
573
73
628
414
515
144
937
205
397
202
904
890
947
274
295
827
96
70
501
508
249
946
420
578
962
858
412
779
527
413
998
584
584
259
69
457
953
409
251
711
694
576
967
291
235
468
938
313
53
771
661
12
746
377
684
412
211
161
205
134
566
327
149
983
686
271
144
132
21
819
264
810
316
654
166
557
747
680
882
461
278
33
645
559
576
856
265
438
744
95
974
884
224
590
771
894
803
720
423
512
699
311
360
937
455
581
852
479
102
48
375
958
284
721
299
852
862
616
825
414
623
520
651
8
346
526
203
865
168
80
563
72
918
68
955
444
111
570
406
652
469
923
449
533
336
609
736
409
727
756
444
127
372
316
527
807
721
434
850
556
91
626
872
35
958
902
823
951
711
133
189
708
149
470
372
825
690
489
101
545
415
919
234
526
469
548
990
722
582
233
229
565
180
564
256
746
312
408
618
93
726
397
646
188
648
892
965
850
729
357
698
350
518
576
336
989
862
192
211
367
727
121
333
902
822
189
815
409
449
839
380
445
490
852
461
305
75
754
670
896
148
987
320
408
141
294
843
768
713
451
956
635
114
547
585
996
185
176
570
34
32
218
774
812
322
216
614
318
182
251
506
288
51
43
430
8
807
637
375
514
955
598
749
531
89
708
8
102
148
505
898
177
18
577
756
259
686
365
347
987
530
993
844
799
803
597
640
164
94
410
240
886
482
191
575
268
115
543
481
121
882
582
880
391
961
918
927
704
320
407
818
682
7
984
483
523
719
277
689
868
95
141
70
710
31
288
232
167
104
395
828
437
847
434
866
248
828
159
773
786
45
173
696
343
725
977
211
991
817
581
760
995
684
651
477
500
396
228
778
108
812
459
887
539
338
121
967
168
64
268
852
715
829
649
737
336
104
170
800
109
13
763
595
255
443
571
334
732
169
427
500
120
677
774
85
488
803
269
310
385
878
647
652
309
996
645
681
167
653
810
237
932
395
215
278
96
319
16
551
702
892
616
258
277
882
785
325
542
121
334
812
952
427
595
335
576
308
751
138
692
905
341
237
124
868
373
587
937
167
296
935
428
98
172
720
554
611
195
68
326
281
217
25
702
629
472
181
718
686
849
480
814
326
918
112
73
265
885
718
349
883
167
570
841
822
474
338
768
45
317
502
546
344
903
866
107
517
861
441
794
620
510
926
446
417
205
432
143
601
659
230
724
995
815
653
577
69
173
208
591
774
486
187
732
890
837
706
519
99
746
119
69
520
102
890
181
552
998
823
175
60
353
33
186
852
610
841
917
939
729
929
304
536
108
900
528
126
557
598
156
924
125
910
513
242
701
859
559
552
218
484
714
182
815
840
843
172
317
196
461
880
990
250
74
397
661
45
579
641
577
702
922
783
742
217
422
505
238
278
252
901
948
419
569
421
355
855
605
283
668
164
992
70
912
690
513
210
969
624
62
832
419
168
588
806
576
198
352
382
743
713
803
797
498
353
719
829
709
822
689
723
834
250
254
923
801
773
366
320
570
102
313
338
204
226
921
133
336
766
852
333
839
421
419
566
164
320
725
275
518
600
979
503
702
32
284
524
807
720
708
586
761
859
576
525
939
629
197
422
112
830
102
709
683
529
904
453
456
56
480
246
575
718
75
903
295
891
117
245
223
340
627
73
133
762
224
775
807
584
607
601
596
762
812
511
172
379
568
969
395
810
567
977
217
652
514
743
766
292
980
591
309
626
516
241
754
636
946
519
857
448
100
477
56
783
472
60
360
461
652
118
806
76
597
743
339
181
412
299
32
480
689
407
530
807
89
552
33
511
698
245
496
372
768
37
271
195
853
894
16
911
710
265
951
327
16
282
652
362
654
696
431
871
996
119
601
654
884
128
450
862
408
208
635
98
936
537
195
89
106
506
32
253
63
44
764
762
464
993
114
702
951
543
95
773
612
736
708
649
696
278
533
454
397
874
883
213
175
347
919
22
695
822
597
858
194
631
467
152
68
235
815
36
52
616
278
714
224
409
568
155
454
434
159
483
670
470
753
903
520
982
421
239
463
859
567
81
412
663
157
995
834
302
96
763
889
95
591
523
883
152
375
467
860
510
274
259
970
850
253
447
470
659
815
485
924
795
420
815
690
995
844
846
517
299
673
649
940
708
710
563
114
18
76
492
663
766
892
326
663
782
846
386
133
479
563
998
566
814
455
357
985
89
137
566
263
874
479
216
681
922
330
390
288
566
424
951
721
373
946
115
903
173
958
702
139
111
133
467
563
261
488
774
718
934
215
88
702
502
817
410
434
900
566
320
294
373
469
516
552
774
648
764
696
363
679
336
483
99
40
345
797
919
622
956
929
283
43
831
142
757
985
236
314
333
173
32
68
52
598
46
397
728
496
643
84
580
684
128
292
936
868
684
967
635
969
295
425
883
360
284
728
213
469
262
771
413
635
789
214
998
203
696
960
636
599
397
575
640
664
316
433
812
861
567
189
829
612
159
763
597
878
623
322
768
566
373
109
506
719
309
383
942
188
323
998
392
515
501
275
708
823
92
537
979
151
385
527
178
302
149
738
476
847
277
476
7
375
501
859
513
327
203
76
149
655
506
733
443
73
762
763
96
841
862
714
322
498
859
420
980
482
943
111
63
726
243
526
375
699
688
686
903
170
893
710
730
60
357
527
951
156
771
304
115
186
228
382
204
438
121
523
128
246
889
322
944
873
200
444
847
497
43
281
461
322
510
126
554
865
372
44
786
302
927
512
978
435
520
690
577
820
278
905
786
860
427
347
203
848
771
888
722
719
118
488
562
111
744
779
363
998
616
299
496
283
961
831
527
517
751
969
71
58
763
674
773
76
189
308
336
157
205
896
281
350
681
557
4
520
234
459
749
114
520
727
367
10
134
832
849
859
806
682
874
962
434
751
885
95
847
192
530
188
577
631
153
235
101
774
846
144
189
200
483
822
537
970
34
523
357
479
176
956
144
235
718
995
224
216
530
674
815
801
410
727
519
551
711
92
729
161
172
102
492
73
427
720
35
696
562
85
754
570
322
563
485
708
320
782
614
14
885
619
148
224
753
774
788
347
511
698
527
942
507
706
349
97
775
419
780
660
651
720
789
645
862
498
111
892
193
177
497
998
444
661
721
481
314
516
799
848
840
895
166
696
744
224
0
20
271
138
299
497
682
236
689
655
843
38
614
682
631
506
50
518
336
786
295
371
898
44
751
40
12
484
993
656
622
705
936
651
281
396
177
597
341
408
329
814
536
502
888
38
263
535
729
554
95
330
360
605
576
396
705
118
323
567
773
439
60
230
412
446
106
735
762
754
865
950
784
890
22
355
246
413
258
720
922
699
566
566
485
269
241
623
501
950
732
746
983
282
115
673
161
704
610
128
502
89
531
558
365
322
102
935
56
485
779
570
116
339
434
472
708
211
500
558
858
461
486
492
288
554
407
344
222
568
977
658
225
288
888
812
430
705
919
108
587
935
844
955
188
158
161
130
758
516
622
128
887
4
888
981
254
888
753
212
246
178
119
562
645
68
532
551
179
63
322
312
56
44
347
972
849
564
714
50
238
803
480
399
936
607
246
188
822
202
702
345
177
521
424
446
136
523
497
326
413
252
148
479
225
71
233
325
704
274
946
55
708
102
284
172
803
60
115
741
14
713
369
716
823
733
775
35
622
987
242
582
4
786
547
522
222
761
76
268
665
118
786
929
63
283
686
35
339
181
631
746
44
20
747
680
503
224
835
533
68
812
923
520
795
310
154
360
583
111
516
218
276
475
631
859
284
95
219
64
864
367
557
60
166
878
635
281
757
726
164
998
828
880
663
588
111
882
861
70
847
541
316
874
181
667
557
155
8
579
111
111
133
11
860
893
720
607
251
218
372
211
914
138
328
365
345
965
66
856
96
612
893
268
952
501
777
814
824
98
958
427
774
456
73
52
70
372
672
754
702
819
940
970
810
888
526
89
108
483
461
599
720
988
785
892
668
141
531
823
259
885
428
355
295
746
372
720
822
89
35
95
782
618
641
762
338
424
309
377
537
890
935
646
524
847
908
292
40
643
281
382
593
591
425
289
664
431
821
567
31
377
570
236
341
288
751
524
208
125
375
75
548
234
198
53
261
532
198
164
375
102
518
782
727
118
253
650
44
295
482
950
520
216
663
472
661
338
294
454
198
108
851
222
628
145
547
27
111
720
871
929
65
212
198
254
689
924
522
348
399
991
614
360
412
784
138
501
841
459
924
175
764
656
645
148
737
149
967
833
707
977
517
425
779
700
14
347
365
69
181
616
385
104
78
502
706
513
444
610
251
860
348
328
14
592
522
127
219
610
806
779
322
598
850
718
581
947
803
950
530
503
563
900
192
396
35
235
613
981
841
662
255
278
886
744
538
921
311
839
177
490
766
430
284
899
551
350
155
225
104
520
804
47
940
424
597
721
104
896
738
485
11
899
432
76
504
182
155
242
288
435
718
656
306
981
333
196
35
765
802
981
519
865
888
520
513
35
297
346
251
100
746
168
953
564
431
768
490
178
55
230
875
720
40
567
847
278
900
132
446
157
998
69
901
434
955
993
353
413
47
485
496
294
689
230
620
409
106
857
338
336
597
780
552
896
92
436
12
428
177
526
211
421
611
406
412
421
844
855
774
815
714
651
209
238
840
840
726
631
352
609
967
396
795
874
75
136
234
58
336
333
119
511
486
128
755
478
480
198
993
787
795
563
45
430
822
593
345
713
896
573
576
400
822
998
252
985
429
114
104
577
96
695
154
955
840
988
469
834
259
736
684
130
424
536
723
754
336
269
172
197
807
571
409
72
31
429
708
424
284
317
154
207
504
518
222
598
488
68
720
162
815
679
624
531
567
276
601
451
194
799
431
844
724
498
427
434
616
690
676
500
780
652
478
784
302
608
548
145
958
697
111
706
170
674
527
8
211
527
749
464
126
729
410
562
969
955
591
925
571
284
656
522
401
375
98
754
682
504
353
234
201
143
939
23
984
744
271
248
198
110
652
501
108
194
868
847
106
738
806
883
508
374
679
246
706
746
818
978
709
989
533
775
715
855
88
207
878
635
157
719
373
548
690
858
640
561
968
741
379
743
998
432
532
587
243
502
27
849
96
980
212
533
288
585
237
143
249
956
111
722
552
631
255
651
721
744
428
395
438
341
556
733
153
152
249
925
576
268
829
965
232
795
506
136
224
141
564
882
690
485
396
881
182
514
812
347
75
366
212
120
168
834
559
201
689
258
648
133
485
52
167
122
520
847
762
461
344
665
363
886
58
944
912
981
380
396
541
347
803
4
45
576
167
795
520
797
414
568
869
68
942
323
926
196
262
600
120
98
141
833
39
476
253
341
317
516
60
202
288
8
708
775
896
138
791
970
179
130
667
690
868
415
212
396
20
987
923
567
206
175
891
686
425
988
68
568
32
951
741
996
14
382
111
887
507
526
618
145
408
491
198
330
671
489
688
727
136
720
885
64
106
607
998
702
438
690
962
676
643
255
431
493
338
78
365
746
610
862
661
78
344
438
152
102
157
45
999
261
859
73
607
670
527
999
485
347
624
751
924
883
271
484
35
142
84
950
568
837
623
535
766
235
425
537
720
538
583
600
990
75
182
556
157
154
198
52
8
182
111
763
352
794
940
746
818
269
702
721
961
313
412
690
769
957
431
796
505
115
472
874
225
607
218
152
106
287
134
736
36
714
542
95
253
582
713
0
133
454
606
812
717
890
827
622
292
78
383
360
828
723
409
164
575
993
670
179
611
363
339
716
843
206
943
182
418
114
530
640
506
998
807
113
38
141
709
885
104
189
791
284
463
419
626
35
766
673
552
998
875
211
679
317
989
961
168
527
884
39
395
527
130
156
612
822
629
995
144
694
161
360
481
913
427
320
822
998
485
557
385
444
234
656
674
202
705
313
144
375
406
635
556
963
925
96
215
68
271
931
27
421
141
399
886
274
780
392
211
119
46
659
130
948
741
556
851
413
268
265
939
430
981
382
594
519
901
429
273
787
339
362
547
860
205
629
720
211
210
436
645
622
495
814
177
576
551
576
660
714
869
211
803
807
357
984
203
170
890
523
224
974
699
497
828
91
399
143
259
62
385
996
0
547
379
704
702
191
339
670
686
360
987
510
835
373
591
743
400
722
896
936
771
975
591
111
862
817
223
659
188
5
799
295
710
653
245
768
197
995
427
589
345
341
312
569
839
961
434
713
614
841
785
357
252
430
474
20
68
498
159
576
623
521
764
926
922
822
111
31
424
159
695
189
201
385
357
629
223
888
911
25
511
501
651
408
363
787
4
516
45
762
498
27
464
377
794
218
856
996
833
526
333
918
547
668
36
281
106
206
309
438
720
782
297
55
283
81
316
288
32
520
581
626
714
69
124
980
7
756
429
34
862
249
184
531
443
513
647
195
829
258
764
911
860
347
597
482
519
765
835
7
278
294
839
847
143
577
173
708
505
527
564
851
161
288
206
302
177
291
520
161
254
106
233
977
832
503
562
128
686
205
489
450
569
998
567
671
656
107
153
697
986
830
596
55
985
424
616
621
991
63
223
955
815
143
726
614
431
181
427
526
320
587
398
419
21
800
645
105
14
297
558
998
554
118
862
679
999
451
576
893
802
223
173
717
143
934
418
980
913
102
513
110
415
631
38
658
272
597
955
506
539
513
360
275
320
402
674
407
348
839
780
923
131
8
21
799
347
329
294
986
396
901
409
304
862
801
502
339
198
299
683
80
413
198
167
527
138
452
791
50
883
325
732
712
673
502
541
506
259
829
152
511
500
891
818
575
68
719
571
653
683
297
978
880
544
633
711
913
976
371
533
861
429
765
775
629
573
802
8
974
842
527
220
120
478
562
409
762
623
339
532
888
566
590
355
992
338
355
775
512
635
137
732
677
483
810
568
764
577
438
118
42
422
73
31
815
181
496
614
795
224
907
563
844
480
939
397
218
260
91
151
396
616
226
238
744
712
917
218
43
537
461
955
52
234
108
883
720
317
652
133
697
712
729
510
828
699
469
198
225
322
224
220
559
255
984
991
943
78
728
987
744
735
390
433
633
963
907
26
480
847
80
43
833
533
850
241
774
774
153
128
756
417
951
262
328
996
491
513
422
576
497
806
379
65
839
278
488
114
379
636
682
577
713
111
421
888
904
259
40
755
517
727
395
868
847
347
888
45
461
858
679
218
955
33
102
899
215
320
822
63
651
523
573
978
470
855
859
192
145
936
177
170
852
294
363
658
392
940
556
91
868
213
671
563
732
281
710
764
339
633
889
188
563
988
408
888
732
240
551
913
883
577
111
890
822
339
357
124
277
957
26
196
936
461
488
35
55
746
25
106
580
14
682
252
317
370
223
115
629
178
396
613
395
144
214
34
247
713
820
559
480
319
980
339
493
519
980
598
295
69
311
703
186
697
222
898
929
255
834
523
328
445
866
284
131
75
523
394
268
858
87
715
151
508
890
283
544
38
363
623
629
115
559
49
153
339
407
885
377
207
406
106
597
708
681
84
322
98
835
416
154
815
516
585
188
730
408
708
95
597
649
893
812
640
893
934
844
858
546
479
579
806
760
421
68
68
775
563
528
760
681
288
898
295
335
559
69
377
531
594
537
526
818
254
436
567
269
958
14
198
314
556
504
832
802
152
940
967
37
7
262
196
880
469
633
817
284
985
495
309
908
508
418
419
178
430
889
783
114
271
930
278
212
782
959
226
169
205
486
302
467
761
60
890
32
500
575
570
654
218
74
167
730
175
53
470
951
548
708
584
200
172
689
238
703
556
537
754
786
684
708
850
311
747
350
880
200
232
888
618
355
527
8
623
243
338
215
514
518
663
178
765
901
659
913
606
886
840
282
769
349
561
161
786
690
20
850
360
850
661
946
192
289
637
70
694
182
347
774
664
707
936
847
694
598
852
777
896
299
206
269
659
397
704
871
775
38
700
985
668
182
196
995
532
812
807
104
477
566
590
705
729
956
544
133
720
56
995
417
754
260
419
722
746
360
207
528
434
684
349
494
712
434
831
449
729
104
16
324
253
289
395
542
980
777
658
322
283
631
591
667
36
322
988
775
695
873
162
14
643
888
196
753
113
975
547
8
742
754
421
462
744
795
508
746
482
120
600
430
34
262
56
139
78
898
910
243
352
523
858
418
41
344
998
645
977
785
753
102
771
163
898
412
520
45
803
706
794
339
739
806
907
645
988
746
281
762
434
680
50
259
733
348
815
138
362
742
248
764
545
569
341
336
729
727
699
622
665
388
797
918
313
981
708
295
896
95
299
323
500
710
44
931
716
786
173
13
489
951
421
783
339
545
286
424
347
697
701
899
571
188
233
612
741
400
91
807
586
637
35
212
888
106
930
747
698
762
434
503
318
379
226
44
429
295
481
551
557
607
89
336
352
308
806
379
612
201
192
852
230
294
858
433
700
72
843
520
817
750
236
44
56
352
504
746
990
723
121
987
461
631
840
334
336
681
703
223
234
701
347
201
447
89
0
859
888
531
955
373
891
203
268
304
966
136
230
329
35
357
68
414
339
614
93
970
888
893
230
322
980
836
536
212
893
254
235
842
664
533
989
833
347
232
765
726
469
153
723
607
445
537
419
468
31
628
32
245
812
441
833
979
598
114
427
575
847
891
999
938
513
375
733
184
152
63
319
505
718
343
412
746
320
913
249
269
413
818
7
32
464
992
850
45
551
567
224
909
308
579
202
114
752
634
480
588
406
963
822
883
237
568
421
127
121
345
728
1
581
179
859
375
273
774
803
272
431
422
110
200
518
645
530
736
40
64
470
191
2
320
782
516
452
457
591
652
35
463
202
981
224
513
318
245
774
409
342
837
226
990
99
965
322
149
531
192
397
365
265
763
514
289
894
763
788
357
696
599
581
268
216
35
240
862
610
893
205
671
880
485
347
132
367
114
929
149
548
742
379
241
552
579
512
929
883
441
111
408
963
196
198
950
918
211
682
323
656
182
20
962
5
961
169
743
228
738
274
702
533
486
159
11
155
527
268
424
689
862
559
217
412
859
182
161
645
4
404
490
424
908
721
159
506
488
810
236
937
219
725
120
394
209
408
936
955
390
762
953
403
246
240
202
166
44
577
413
699
352
752
538
935
40
735
583
96
230
959
100
444
115
535
672
439
846
684
735
614
121
127
459
891
201
713
141
847
134
975
234
599
651
679
822
65
785
744
470
520
752
431
646
535
704
783
419
438
942
591
851
170
649
689
559
567
108
947
519
938
55
898
825
908
73
720
692
106
343
569
36
44
942
141
520
938
611
330
448
749
409
803
178
918
159
794
322
909
597
503
478
226
923
71
947
435
447
708
114
701
931
576
998
993
702
227
839
390
395
700
203
388
124
753
602
469
271
978
551
367
200
511
754
483
746
206
474
392
722
930
676
200
390
111
763
503
240
224
571
525
856
705
543
483
438
375
885
472
467
402
161
436
944
34
936
856
917
482
190
327
36
567
415
443
912
651
581
438
118
774
591
167
533
198
815
198
198
240
234
880
889
922
605
842
192
8
167
500
480
703
452
976
195
898
313
520
375
807
800
548
223
74
987
102
234
567
585
158
492
760
412
697
660
353
987
924
823
938
404
375
395
547
503
412
719
205
764
316
594
882
931
457
623
522
750
774
771
56
472
812
130
979
562
33
279
934
290
91
918
497
526
880
548
544
107
14
224
990
128
170
175
568
404
195
516
747
753
338
714
198
934
115
30
170
23
409
563
262
228
581
919
785
149
674
182
847
443
737
633
421
579
281
584
512
689
106
722
506
202
913
868
367
205
530
483
688
727
216
344
637
8
486
68
55
955
679
947
33
812
131
211
10
172
235
893
432
729
294
628
618
303
841
704
901
852
108
907
355
128
523
470
979
856
68
635
120
919
922
763
46
64
977
60
932
95
198
924
308
721
977
519
255
55
690
232
562
580
969
822
73
288
299
485
732
720
684
63
658
304
255
144
40
570
84
363
462
242
220
498
397
918
170
692
394
868
167
339
606
44
141
728
506
460
377
723
993
880
259
451
764
667
690
841
774
302
371
35
317
252
412
195
681
937
173
511
105
643
751
197
288
722
747
762
480
513
670
768
47
637
651
807
205
746
242
796
302
283
547
649
527
132
141
578
567
493
382
614
937
567
73
106
433
343
681
573
156
880
836
161
890
497
222
869
934
762
397
544
299
111
202
383
311
53
350
684
461
670
614
858
10
198
66
608
447
474
930
431
101
408
955
919
271
498
379
893
643
732
503
592
218
711
512
235
436
951
674
729
752
965
635
407
705
566
357
472
523
862
520
570
547
575
488
349
69
579
69
681
237
930
197
567
75
751
506
327
833
390
951
32
164
936
50
219
576
686
930
211
93
360
84
365
554
416
507
927
879
743
520
995
396
503
400
839
663
212
774
504
294
434
597
272
754
172
614
353
570
785
807
747
360
190
563
342
720
262
600
69
154
591
952
168
859
551
758
749
198
127
433
125
482
844
58
34
111
459
841
956
782
50
288
20
390
149
520
585
385
778
527
564
391
786
803
601
859
898
342
295
595
34
806
918
1
694
599
96
873
577
513
695
157
667
197
597
464
226
529
326
152
482
48
497
635
407
721
918
935
762
952
743
349
476
914
531
106
890
333
228
952
500
803
34
548
408
68
406
286
874
506
730
409
268
45
49
992
394
516
215
998
210
746
622
45
515
32
694
840
937
333
829
120
699
74
347
978
967
564
551
894
844
336
841
791
527
63
155
936
711
14
56
575
268
350
718
73
991
151
637
563
223
525
727
223
726
814
173
22
483
372
930
703
332
104
529
41
597
277
161
304
106
527
837
234
482
753
198
182
689
276
248
736
445
53
720
344
852
589
333
373
939
120
715
527
412
579
385
594
736
16
890
507
365
587
284
288
176
366
668
106
849
35
413
410
395
73
595
289
561
806
852
859
268
841
163
223
406
299
467
643
901
654
980
702
538
138
416
202
519
241
668
353
505
969
174
930
564
775
263
185
195
278
318
444
445
909
929
873
120
886
868
261
130
564
88
569
512
646
869
424
302
996
936
304
211
16
375
152
779
0
822
652
527
136
97
469
631
322
490
892
275
119
936
372
775
635
801
382
470
212
131
211
892
911
485
684
794
722
496
100
31
593
894
333
51
399
269
456
800
334
804
932
303
544
322
205
273
455
155
336
531
33
764
764
347
992
297
802
371
905
737
597
901
110
136
562
857
936
164
347
836
334
278
520
649
124
379
584
995
709
522
561
497
516
106
576
880
542
651
544
527
679
410
536
752
399
803
182
799
768
336
918
597
303
664
720
497
242
736
524
532
94
735
238
823
597
712
751
911
990
12
49
930
985
690
863
407
547
341
885
40
38
475
242
346
299
719
637
712
808
834
500
774
192
720
542
754
936
452
14
226
419
584
527
278
991
120
828
483
207
243
380
991
141
783
577
667
746
149
747
518
203
360
175
350
925
628
975
347
204
506
330
263
516
198
671
32
568
14
322
215
704
513
950
439
95
510
385
414
479
880
777
931
716
168
205
65
775
829
833
32
791
34
716
515
742
132
570
430
119
506
847
395
754
807
658
58
661
833
998
647
869
187
935
173
211
198
69
283
885
783
700
492
0
145
420
795
590
106
692
234
995
420
681
70
518
274
208
548
65
861
36
883
138
544
614
92
616
250
704
153
951
689
472
214
136
576
718
252
235
303
958
258
338
704
71
324
333
847
400
981
929
729
645
932
474
690
216
521
58
107
520
235
660
95
169
459
907
963
105
421
63
860
219
988
909
475
712
847
626
724
978
649
283
823
684
370
527
649
379
779
313
281
198
481
551
346
360
214
158
716
121
68
629
855
406
618
56
449
373
690
209
545
871
436
709
937
652
51
320
322
149
399
142
910
648
338
419
278
349
459
237
653
451
596
633
56
664
610
63
986
991
700
593
65
148
955
215
45
921
875
705
881
655
844
36
84
401
500
21
73
457
686
314
563
230
326
395
373
862
956
554
167
913
815
929
218
27
891
341
429
610
636
610
532
242
435
114
418
967
428
460
322
459
322
648
705
505
94
764
157
940
774
408
483
718
732
192
846
618
96
224
955
962
623
557
532
539
774
524
801
756
319
441
148
148
519
196
633
587
996
508
636
654
577
352
203
659
701
238
708
896
590
69
197
210
873
124
741
186
774
918
937
44
497
951
438
533
362
268
347
253
988
223
35
197
289
714
633
929
643
659
847
299
981
109
121
946
703
890
663
493
994
786
542
752
785
84
203
240
712
936
334
689
823
434
888
42
65
907
429
890
419
810
104
5
569
756
115
488
488
866
488
690
955
749
327
421
328
408
259
241
531
156
195
115
58
40
588
377
494
773
284
681
902
45
958
939
30
623
926
683
684
309
513
775
240
48
711
55
115
53
885
420
161
45
987
217
97
722
841
172
807
889
910
39
743
881
850
320
965
775
506
812
782
584
80
829
218
891
581
327
294
679
758
551
363
903
596
880
855
260
455
483
651
891
263
35
84
372
507
886
341
635
643
192
739
297
961
395
224
498
419
832
8
582
340
556
750
352
241
412
970
975
195
483
326
491
406
570
248
340
470
400
840
541
583
935
353
25
347
934
218
762
704
26
623
196
840
120
428
256
923
566
696
817
435
533
497
35
896
655
201
573
480
323
585
884
349
178
111
8
350
883
996
316
288
35
348
416
100
856
930
69
273
556
720
309
995
4
84
797
893
651
512
747
976
931
127
714
20
799
530
420
444
545
501
262
488
778
360
989
292
850
471
523
888
274
247
224
222
884
711
979
283
768
526
238
929
547
605
947
977
216
346
463
648
698
537
519
335
446
753
126
779
194
525
412
395
161
289
862
650
744
500
839
15
535
911
404
467
995
567
996
584
746
721
721
418
208
255
659
661
784
868
278
593
904
802
961
905
96
237
689
576
318
69
480
907
320
141
812
347
573
812
947
699
544
422
927
563
422
930
937
946
953
558
861
569
111
202
532
601
153
987
563
422
456
178
751
470
512
500
316
806
188
480
445
198
11
646
643
677
544
681
690
27
631
510
841
353
774
571
130
757
491
541
727
311
22
247
461
990
664
141
653
283
14
372
961
142
343
245
268
779
738
449
161
278
990
729
330
295
602
102
597
654
242
116
590
649
80
929
893
187
580
752
771
328
552
107
689
238
658
829
377
660
602
236
408
505
645
684
276
72
570
22
126
197
881
186
372
485
988
261
643
373
143
228
238
522
373
89
226
621
570
311
167
690
573
38
320
822
409
319
118
427
899
584
317
883
694
983
755
152
323
414
184
839
153
901
768
738
250
421
383
404
145
953
874
979
985
782
869
291
269
706
628
633
766
35
327
832
407
352
605
645
409
716
995
35
353
66
297
829
384
977
853
995
690
619
648
667
899
567
690
711
360
250
198
120
200
139
651
903
530
198
479
132
111
220
580
98
461
520
197
480
343
737
327
901
352
320
703
768
978
543
415
320
532
472
595
261
452
201
406
753
352
852
527
510
785
708
377
631
905
527
36
785
514
225
908
207
333
722
829
461
703
455
563
84
631
455
536
126
599
511
765
671
540
268
513
202
890
597
634
177
182
52
164
799
20
573
785
118
483
818
292
635
203
68
153
529
551
143
742
967
447
239
634
412
432
661
10
930
729
8
198
607
886
543
433
614
386
764
215
883
444
72
348
319
2
155
551
957
274
937
121
806
467
799
156
540
803
829
738
852
474
187
159
173
689
279
842
433
333
532
373
610
115
517
882
222
655
25
220
640
936
721
864
593
234
224
753
419
925
566
120
829
262
998
722
882
336
271
146
969
722
584
382
903
757
869
582
888
44
326
752
176
832
852
656
929
410
329
879
145
576
12
671
157
166
651
963
155
71
365
812
722
749
768
502
898
851
258
970
564
569
692
624
680
122
551
991
977
55
754
981
852
640
506
892
519
837
429
206
431
259
856
104
679
37
537
289
485
95
812
782
287
181
161
985
488
392
26
751
931
410
913
556
729
594
979
139
91
919
568
195
720
500
786
40
172
344
343
11
984
631
350
299
69
543
58
537
504
492
823
313
355
637
159
863
347
268
582
189
347
312
182
532
167
336
153
431
373
115
591
407
645
944
694
255
431
283
19
275
333
513
319
274
197
963
320
211
563
109
724
259
834
631
380
7
819
719
780
161
105
506
584
309
696
526
12
164
540
449
230
159
145
753
738
396
668
744
52
544
655
918
397
499
981
421
155
78
152
198
148
671
399
69
563
919
255
192
696
695
888
327
931
832
104
600
131
122
33
847
434
339
434
546
749
420
901
506
795
399
216
718
424
580
95
765
523
702
104
277
967
63
689
167
858
937
929
820
311
149
320
397
597
701
562
519
168
268
956
198
330
107
958
576
167
508
643
494
427
144
353
526
133
708
488
310
584
348
208
124
429
905
554
264
686
198
706
696
10
363
69
461
810
922
540
563
65
413
932
396
736
355
412
904
265
715
8
26
363
919
485
327
743
944
178
996
532
847
815
766
213
343
375
118
592
556
455
346
594
66
488
783
469
623
982
597
913
360
153
585
327
570
998
259
26
651
330
552
113
711
664
68
417
294
917
708
350
488
556
258
679
547
597
603
741
65
529
958
111
969
189
958
667
120
45
526
696
268
890
511
898
888
385
479
342
668
490
35
110
339
382
647
327
723
783
600
397
155
880
719
651
115
386
510
40
95
258
925
409
177
276
274
521
497
929
133
979
998
519
497
655
262
400
80
284
348
859
527
936
645
810
412
913
333
643
651
597
344
181
937
120
218
333
888
868
747
591
224
434
537
606
919
707
396
850
314
435
940
970
699
228
222
710
203
774
547
400
744
740
173
482
349
995
751
810
706
569
529
203
407
960
955
281
743
721
55
315
548
346
252
729
292
84
333
131
556
340
118
242
577
610
538
865
563
211
286
637
898
284
445
942
610
705
320
656
443
874
202
152
322
344
980
561
268
195
536
472
524
774
133
828
239
577
432
189
631
208
294
339
815
695
55
485
775
507
631
799
164
386
144
161
696
847
294
192
492
68
643
548
166
847
247
727
211
155
707
375
998
752
925
430
818
216
815
379
84
444
701
506
321
124
284
616
117
271
612
561
131
180
55
202
480
194
861
929
623
118
995
990
395
919
598
188
716
699
92
796
843
577
673
161
252
156
322
333
461
118
900
785
215
741
248
336
861
651
482
338
196
902
526
932
868
727
582
295
106
711
939
73
357
635
443
375
258
640
847
0
396
527
784
56
345
39
421
968
333
78
478
385
563
353
718
276
525
500
182
921
721
338
944
360
102
182
852
720
420
336
386
409
109
45
4
392
159
554
9
924
924
771
822
718
995
885
762
259
990
413
778
874
529
908
170
661
372
743
883
885
373
647
211
710
729
829
606
107
414
959
683
645
514
944
812
775
668
152
503
145
18
137
13
874
926
981
3
360
14
995
910
500
929
764
600
516
754
373
598
208
532
652
474
248
480
579
386
313
7
841
157
641
344
237
395
570
14
288
243
203
311
636
651
682
819
606
513
576
444
664
937
660
277
714
771
289
635
651
998
829
434
696
844
746
570
196
353
923
749
138
801
274
197
519
645
756
721
584
721
242
751
531
396
174
282
433
377
754
452
828
720
472
651
320
184
718
736
273
544
886
517
756
898
762
951
683
650
155
885
868
382
923
901
993
593
749
896
107
610
532
397
451
729
243
333
131
254
503
396
557
714
797
213
780
579
927
992
18
629
347
720
672
141
380
135
478
395
352
779
601
471
305
436
68
230
369
102
598
102
247
451
962
15
986
172
599
271
613
892
551
720
951
888
563
732
682
428
126
882
416
786
429
208
855
287
885
377
503
218
485
601
937
985
204
533
413
736
230
844
288
880
281
60
234
485
254
115
631
0
768
436
780
132
947
668
563
506
212
919
865
222
195
269
871
70
562
576
250
203
595
815
360
278
249
891
885
431
815
167
751
173
144
598
780
841
148
319
741
578
512
567
851
278
449
690
506
834
635
719
955
788
173
245
198
338
569
291
520
999
993
700
900
629
563
134
450
146
529
418
937
724
990
516
154
943
235
664
568
37
243
45
332
541
862
841
998
274
645
970
527
168
220
85
520
182
322
406
284
211
102
205
564
85
344
375
536
395
158
365
452
523
689
862
35
880
189
998
133
261
461
190
713
919
797
2
273
18
131
523
152
407
496
526
711
429
94
409
64
962
814
35
497
200
452
215
106
890
328
269
830
76
205
828
455
588
751
106
702
627
507
858
681
102
722
106
566
175
346
578
526
664
788
68
493
222
855
998
120
326
648
782
379
676
709
735
708
455
946
51
418
958
488
31
656
843
825
576
493
597
653
69
196
126
157
597
410
31
486
343
85
344
618
402
65
235
801
243
528
178
406
87
970
559
841
634
839
424
340
828
283
511
480
652
545
448
472
264
163
220
248
970
420
126
255
664
81
506
148
815
912
217
36
683
890
861
53
375
289
284
885
602
977
282
116
529
26
362
894
721
741
559
922
768
939
483
420
586
334
999
768
263
22
189
119
409
184
162
955
76
455
905
39
145
741
718
421
299
222
732
577
757
449
893
856
152
148
704
253
329
20
170
382
763
21
372
624
999
783
888
253
526
607
406
44
519
374
353
121
390
447
713
362
131
547
527
964
357
633
564
848
942
98
16
903
605
963
383
259
584
563
551
102
189
390
713
145
413
27
444
459
421
250
623
762
844
984
325
533
268
947
768
380
862
268
95
718
198
480
858
752
743
72
918
736
259
264
568
558
316
729
121
999
649
720
207
649
597
963
294
431
153
276
477
89
620
847
696
250
88
102
741
754
97
765
366
533
32
551
374
288
595
464
353
85
937
597
299
216
655
886
943
841
154
317
326
291
26
194
578
33
217
132
646
11
241
614
931
297
198
188
794
336
289
645
414
812
847
858
308
347
446
595
65
965
214
977
754
159
946
44
413
385
459
89
208
427
390
395
582
238
807
803
373
710
56
472
577
246
1
825
69
526
60
746
503
455
283
850
974
296
35
34
138
918
817
608
353
874
60
297
118
814
785
746
455
341
96
738
385
416
32
796
488
485
888
179
713
352
883
783
395
322
780
338
985
464
957
888
96
341
51
100
273
774
104
149
70
218
607
333
148
404
987
576
500
371
511
719
700
350
234
406
529
585
136
803
409
570
609
801
491
261
292
520
133
463
35
200
952
254
702
566
251
133
598
412
66
336
85
782
704
835
84
396
107
101
629
306
74
19
408
30
841
540
398
671
131
486
881
196
66
143
333
931
936
537
859
167
702
551
647
349
718
663
502
141
542
425
681
785
746
80
747
552
614
488
173
806
738
334
144
156
472
141
981
532
322
136
32
586
508
883
352
721
895
277
635
823
958
204
467
304
505
215
597
557
385
382
580
660
178
956
576
73
655
347
284
353
461
75
404
320
374
395
962
437
799
305
115
208
806
937
11
766
410
673
430
367
419
278
987
347
791
659
127
881
316
35
924
934
676
206
443
541
253
579
880
108
271
536
656
887
444
241
888
896
513
315
268
863
268
474
947
804
908
612
524
517
320
385
686
961
339
60
708
196
585
712
338
817
31
249
84
345
445
839
951
139
577
167
26
562
541
689
470
802
444
414
533
967
158
111
500
950
695
488
498
958
565
206
497
316
688
522
699
936
476
289
533
188
201
216
284
332
510
404
952
622
357
155
283
552
223
898
766
70
563
558
179
130
35
483
712
157
125
84
882
892
326
614
741
488
774
848
853
218
478
590
483
305
236
279
373
397
271
785
940
749
737
815
913
119
537
106
498
511
886
718
420
260
597
198
505
189
616
432
485
652
859
995
9
65
325
885
155
579
425
527
503
726
780
969
530
256
503
430
326
501
276
12
633
746
682
627
485
611
349
814
519
395
786
363
68
516
418
60
412
32
102
936
283
962
629
682
260
919
896
621
788
462
4
803
427
228
360
682
366
571
529
807
320
925
205
1
847
747
1
202
65
764
502
27
655
659
372
205
195
360
36
589
64
944
768
281
219
807
396
173
932
97
749
752
527
582
1
883
149
607
217
303
145
121
714
21
261
379
35
95
548
181
217
881
520
747
658
812
120
585
890
240
253
66
699
844
366
847
338
498
753
153
537
951
862
374
81
503
219
956
13
118
283
665
44
178
319
930
96
102
978
472
20
664
891
178
204
218
626
720
446
234
527
567
474
328
182
986
493
254
385
742
410
437
522
998
499
483
774
681
953
540
676
215
375
520
128
925
836
167
985
342
577
753
628
419
252
708
562
355
173
674
679
293
472
545
830
16
447
673
108
998
12
56
228
551
727
829
144
683
649
96
526
853
802
271
581
225
173
853
224
511
179
840
196
338
655
167
947
474
128
33
882
623
797
894
164
13
35
785
302
229
847
470
987
594
332
563
812
314
885
815
339
732
700
976
38
336
710
761
738
862
113
846
430
462
218
121
265
200
884
753
962
874
144
647
951
828
278
979
653
412
120
944
966
538
450
480
385
668
317
296
476
998
197
979
179
576
317
519
849
661
236
190
333
852
860
102
970
347
918
743
718
488
377
294
704
607
558
721
151
392
263
960
485
799
898
547
519
937
703
427
775
412
311
705
213
576
573
545
582
374
888
12
55
508
73
972
991
896
818
779
198
888
338
369
882
148
333
124
91
756
408
348
616
198
741
538
218
455
486
774
566
216
275
969
445
952
403
268
390
754
439
590
134
429
815
950
942
379
936
598
924
371
453
296
216
537
953
225
350
554
418
124
869
375
803
892
98
490
704
636
320
713
556
910
201
815
540
910
999
463
409
937
871
180
149
392
115
281
547
449
180
646
773
605
980
733
510
333
742
542
380
414
313
901
995
48
563
852
764
182
138
259
571
7
978
591
392
595
623
297
477
865
45
439
541
537
16
169
302
278
866
907
39
569
537
464
774
903
194
918
254
844
591
702
635
899
311
614
323
287
89
624
155
20
101
409
87
69
774
987
568
118
34
101
605
493
596
476
114
640
519
156
414
404
272
62
932
479
987
820
709
861
131
122
520
216
390
723
653
53
245
803
271
155
177
951
308
600
328
720
382
427
40
702
410
729
281
902
141
96
907
455
922
957
342
788
197
720
474
195
720
979
224
69
537
579
68
803
557
898
894
39
45
479
597
865
752
95
593
999
743
499
563
832
686
386
390
457
699
310
64
775
33
414
768
779
684
472
385
880
670
164
860
594
192
993
438
110
747
294
259
444
966
667
4
292
893
151
288
788
138
558
686
350
738
892
420
696
14
662
335
339
979
73
984
937
579
903
992
502
756
552
193
480
149
526
289
910
230
999
327
682
722
883
947
743
898
31
192
216
441
218
506
483
526
556
444
681
420
783
234
720
746
749
962
710
58
629
227
132
888
600
577
718
327
570
970
919
133
319
299
598
215
