40142
14101
48551
45481
23450
61340
53456
23371
35051
39163
48738
23973
23968
56488
42746
4821
43583
45573
38796
45906
3371
2335
33038
15506
14551
33772
23491
15206
18626
5564
36130
26027
23288
17384
38089
25631
44921
36619
46705
27664
15993
8450
39239
55517
2956
67012
39684
56305
30491
56354
42194
50055
21738
48976
47139
65550
58163
13945
7815
26348
9708
45805
38450
39426
24060
47045
3810
12147
7263
30597
47842
28470
56109
36758
18186
41137
39285
6182
33355
32499
980
39528
3992
21659
49618
2944
35541
24887
42662
12586
54316
16975
46183
29836
13420
31291
26259
12920
32682
11150
