23912
46354
19126
10919
30829
2324
2278
30568
23917
19998
9492
32789
39581
4028
14461
54138
13618
14502
21151
11833
58235
55086
24121
39047
43198
22237
31967
44740
36197
66206
20380
32651
35340
39575
21665
31699
13299
20828
11445
30132
38634
52316
23370
3837
57273
3136
19218
1217
24516
986
14836
10939
41473
9855
15089
20010
7618
41704
53462
34136
51287
13361
16283
16362
35594
8855
50709
45885
46925
25538
8917
29887
1878
20108
42938
15759
16489
56002
20096
24206
59585
15468
56183
31659
6734
54957
18623
35237
20946
43208
2233
42788
9364
24735
46956
26845
28168
47146
21942
46591
