1	98896
2	99032
3	97574
4	99114
5	99404
6	103036
7	96996
8	96424
9	103918
10	96328
11	103510
12	93668
13	99822
14	95452
15	98066
16	104000
17	89168
18	95480
19	94398
20	100866
21	98062
22	99976
23	100520
24	100606
25	98108
26	99022
27	99046
28	97936
29	100146
30	99474
31	97820
32	106934
33	94682
34	97516
35	94822
36	106220
37	97370
38	98842
39	92422
40	99886
41	99378
42	97292
43	101222
44	101970
45	94104
46	99408
47	100640
48	101846
49	102358
50	92600
51	101164
52	98258
53	99492
54	96988
55	95942
56	96404
57	92336
58	96642
59	97900
60	93152
61	103656
62	95914
63	95854
64	99880
65	91160
66	94282
67	90186
68	94816
69	101662
70	101240
71	100848
72	100390
73	96558
74	98658
75	92200
76	99026
77	105356
78	100292
79	99622
80	97556
81	102758
82	100360
83	93866
84	99936
85	95822
86	99274
87	96888
88	103612
89	96504
90	97800
91	94230
92	101912
93	101948
94	96720
95	91460
96	95838
97	104858
98	100008
99	91694
100	100192
101	105344
102	92278
103	96252
104	97518
105	101630
106	95244
107	102094
108	95968
109	98026
110	94308
111	103362
112	97232
113	92956
114	100210
115	100774
116	99038
117	99430
118	99188
119	100758
120	95486
121	99096
122	90086
123	99192
124	97422
125	98682
126	94734
127	98610
128	96422
129	102254
130	96488
131	97958
132	101910
133	95860
134	95436
135	104614
136	97430
137	104974
138	96346
139	96988
140	96906
141	102282
142	101392
143	95390
144	96036
145	99396
146	102970
147	90190
148	93728
149	96616
150	96886
151	96846
152	94668
153	91052
154	99066
155	102150
156	102604
157	99766
158	98712
159	96324
160	102618
161	93226
162	98514
163	91656
164	98488
165	98372
166	101374
167	93998
168	95136
169	99776
170	97052
171	94126
172	97214
173	97882
174	98608
175	99774
176	97146
177	98110
178	105134
179	101634
180	99816
181	98684
182	100106
183	98024
184	96686
185	101916
186	94076
187	98192
188	96620
189	93454
190	99514
191	94752
192	98044
193	98344
194	97826
195	102790
196	104204
197	104398
198	102460
199	95174
200	97372
201	100062
202	95992
203	95576
204	100636
205	98990
206	99710
207	97726
208	95664
209	101896
210	92786
211	100720
212	97656
213	99138
214	89234
215	100256
216	95036
217	103324
218	98740
219	94704
220	98076
221	96576
222	97340
223	109186
224	101454
225	96720
226	91544
227	103652
228	104388
229	103170
230	103440
231	93238
232	93758
233	99976
234	102538
235	99884
236	91714
237	101980
238	93094
239	101362
240	101344
241	102028
242	98752
243	102572
244	93136
245	97848
246	98422
247	93538
248	98112
249	100220
250	96804
251	96544
252	93632
253	91270
254	95654
255	96594
256	96110
257	96770
258	98426
259	95922
260	95228
261	100908
262	101232
263	105250
264	99378
265	93470
266	97392
267	96372
268	101644
269	95904
270	93476
271	100156
272	95084
273	105318
274	103254
275	100054
276	100534
277	99938
278	101106
279	101780
280	98700
281	97064
282	97512
283	104356
284	102412
285	103122
286	94594
287	100338
288	94814
289	99094
290	99268
291	91306
292	100928
293	96586
294	102442
295	99878
296	96724
297	97622
298	94758
299	95358
300	98290
301	104894
302	93470
303	98086
304	94472
305	100100
306	96518
307	99808
308	94144
309	102500
310	94276
311	102950
312	100132
313	97732
314	101312
315	103600
316	99264
317	98104
318	92728
319	100386
320	99900
321	100154
322	92140
323	93264
324	99562
325	94936
326	95024
327	97682
328	96624
329	95304
330	97882
331	97754
332	92966
333	99430
334	97290
335	89032
336	98460
337	100170
338	93526
339	97818
340	98900
341	93396
342	95750
343	97038
344	103188
345	99872
346	98346
347	97674
348	98918
349	91050
350	101636
351	100606
352	95880
353	94836
354	104316
355	98774
356	99402
357	96694
358	99830
359	100252
360	98526
361	94854
362	96128
363	99044
364	100798
365	97988
366	97258
367	96310
368	92978
369	101026
370	104544
371	99698
372	92948
373	97616
374	101790
375	103334
376	93842
377	92114
378	90362
379	101644
380	97536
381	98124
382	97884
383	95594
384	105174
385	98416
386	94978
387	93144
388	99554
389	97320
390	91052
391	102608
392	96028
393	93098
394	101396
395	106748
396	92266
397	93702
398	99526
399	99592
400	99162
401	96444
402	102458
403	99318
404	107090
405	99108
406	102550
407	96620
408	95026
409	94592
410	101324
411	101398
412	92184
413	100164
414	95318
415	93622
416	100298
417	101498
418	98230
419	98364
420	99678
421	105684
422	96836
423	96942
424	96024
425	96856
426	92466
427	98076
428	97904
429	100922
430	97022
431	97954
432	99356
433	98050
434	103914
435	96322
436	98180
437	99204
438	104024
439	97220
440	100212
441	100592
442	105592
443	93556
444	101110
445	99616
446	100642
447	93896
448	96956
449	100906
450	101036
451	94044
452	102132
453	95474
454	98514
455	96078
456	97896
457	93624
458	101284
459	100046
460	97042
461	99768
462	99746
463	95116
464	91620
465	96276
466	99578
467	99034
468	96776
469	102010
470	103778
471	94366
472	91226
473	98762
474	100100
475	97022
476	102746
477	101322
478	97296
479	96930
480	100630
481	95248
482	101092
483	105502
484	104516
485	96304
486	99870
487	98784
488	98844
489	97832
490	104578
491	103452
492	95268
493	93780
494	103430
495	95706
496	100280
497	93948
498	91740
499	95832
500	98332
501	100520
502	92820
503	88900
504	98588
505	95204
506	96926
507	98200
508	101466
509	102232
510	98358
511	100226
512	97012
513	100180
514	98972
515	93194
516	94994
517	101650
518	99788
519	95026
520	101636
521	94384
522	99540
523	100474
524	98776
525	99936
526	95198
527	99450
528	97390
529	100436
530	100608
531	100690
532	99252
533	99030
534	97084
535	102878
536	100454
537	98172
538	101548
539	92436
540	95490
541	97028
542	98172
543	98798
544	96086
545	99686
546	101236
547	98830
548	108166
549	99456
550	91432
551	99664
552	107058
553	97546
554	93654
555	103016
556	100456
557	98058
558	96968
559	98668
560	95850
561	96950
562	98670
563	89690
564	99110
565	102172
566	100506
567	95544
568	95856
569	95360
570	92668
571	96236
572	101004
573	99946
574	99518
575	100046
576	101054
577	98430
578	96764
579	103470
580	101324
581	101778
582	101480
583	97534
584	97278
585	92176
586	103186
587	98824
588	94476
589	97522
590	98714
591	99394
592	100782
593	99982
594	106882
595	92476
596	97684
597	101014
598	94274
599	105736
600	96662
601	97234