1,91653
2,91653
3,91653
4,91653
5,91653
6,91653
7,91653
8,91653
9,91653
10,91653
11,91653
12,91653
13,91653
14,91653
15,91653
16,91653
17,91653
18,91653
19,91653
20,91653
21,91653
22,91653
23,91653
24,91653
25,91653
26,91653
27,91653
28,91653
29,91653
30,91653
31,91653
32,91653
33,91653
34,91653
35,91653
36,91653
37,91653
38,91653
39,91545
40,91303
41,91303
42,91303
43,91303
44,91303
45,91303
46,89865
47,89865
48,89865
49,89865
50,89865
51,89865
52,89865
53,89865
54,89865
55,89865
56,89865
57,89865
58,89865
59,89865
60,89865
61,89790
62,89790
63,89790
64,89790
65,89790
66,89790
67,89790
68,89790
69,89790
70,89790
71,89790
72,89790
73,89790
74,89790
75,89790
76,89790
77,89790
78,89790
79,89790
80,89790
81,89790
82,89790
83,89790
84,89790
85,89790
86,89790
87,89790
88,89790
89,89332
90,89332
91,89332
92,89332
93,89332
94,89332
95,89332
96,89332
97,89332
98,89332
99,89332
100,89332
101,89332
102,89332
103,89332
104,89332
105,89332
106,89332
107,89332
108,89332
109,89332
110,89332
111,89332
112,89332
113,89332
114,89332
115,89332
116,89332
117,89332
118,89332
119,89332
120,89332
121,89332
122,89332
123,89332
124,89332
125,89332
126,89332
127,89332
128,89332
129,89332
130,89332
131,89332
132,89332
133,89332
134,89332
135,89332
136,89332
137,89332
138,89332
139,89332
140,89332
141,89332
142,89332
143,89332
144,89332
145,89332
146,89332
147,89332
148,89332
149,89332
150,87881
151,87881
152,87881
153,87881
154,87881
155,87881
156,87881
157,87881
158,83935
159,83935
160,83935
161,83935
162,83935
163,83935
164,83935
165,83935
166,83935
167,83935
168,83935
169,83935
170,83935
171,83935
172,83935
173,83935
174,83935
175,83935
176,83935
177,83935
178,83935
179,83935
180,83935
181,83935
182,83935
183,83935
184,83935
185,83935
186,83935
187,83935
188,83935
189,83935
190,83935
191,83935
192,83935
193,83935
194,83935
195,83935
196,83935
197,83935
198,83935
199,83935
200,83935
201,83935
202,83935
203,83935
204,83935
205,83935
206,83935
207,83935
208,83935
209,83935
210,83935
211,83935
212,83935
213,83935
214,83935
215,83935
216,83935
217,83935
218,83935
219,83935
220,83935
221,83935
222,83935
223,83935
224,83935
225,83935
226,83935
227,83935
228,83935
229,83935
230,83935
231,83935
232,83935
233,83935
234,83935
235,83935
236,83935
237,83935
238,83935
239,83935
240,83935
241,83935
242,83935
243,83935
244,83935
245,83935
246,83935
247,83935
248,83935
249,83935
250,83935
251,83935
252,83935
253,83935
254,83935
255,83935
256,83935
257,83935
258,83935
259,83935
260,83935
261,83935
262,83935
263,83935
264,83935
265,83935
266,83935
267,83935
268,83935
269,83935
270,83935
271,83935
272,83935
273,83935
274,83935
275,83935
276,83935
277,83935
278,83935
279,83935
280,83935
281,83935
282,83935
283,83935
284,83935
285,83935
286,83935
287,83935
288,83935
289,83935
290,83935
291,83935
292,83935
293,83935
294,83935
295,83935
296,83935
297,83935
298,83935
299,83935
300,83935
301,83935
302,83935
303,83935
304,83935
305,83935
306,83935
307,83935
308,83935
309,83935
310,83935
311,83935
312,83935
313,83935
314,83935
315,83935
316,83935
317,83935
318,83935
319,83935
320,83935
321,83935
322,83935
323,83935
324,83935
325,83935
326,83935
327,83935
328,83935
329,83935
330,83935
331,83935
332,83935
333,83935
334,83935
335,83935
336,83935
337,83935
338,83935
339,83935
340,83935
341,83935
342,83935
343,83935
344,83935
345,83935
346,83935
347,83935
348,83935
349,83935
350,83935
351,83935
352,83935
353,83935
354,83935
355,83935
356,83935
357,83935
358,83935
359,83935
360,83935
361,83935
362,83935
363,83935
364,83935
365,83935
366,83935
367,83935
368,83935
369,83935
370,83935
371,83935
372,83935
373,83935
374,83935
375,83935
376,83935
377,83935
378,83935
379,83935
380,83935
381,83935
382,83935
383,83935
384,83935
385,83935
386,83935
387,83935
388,83935
389,83935
390,83935
391,83935
392,83935
393,83935
394,83935
395,83935
396,83935
397,83935
398,83935
399,83935
400,83935
401,83935
402,83935
403,83935
404,83935
405,83935
406,83935
407,83935
408,83935
409,83935
410,83935
411,83935
412,83935
413,83935
414,83935
415,83935
416,83935
417,83935
418,83935
419,83935
420,83935
421,83935
422,83935
423,83935
424,83935
425,83935
426,83935
427,83935
428,83935
429,83935
430,83935
431,83935
432,83935
433,83935
434,83935
435,83935
436,83935
437,83935
438,83935
439,83935
440,83935
441,83935
442,83935
443,83935
444,83935
445,83935
446,83935
447,83935
448,83935
449,83935
450,83935
451,83935
452,83935
453,83935
454,83935
455,83935
456,83935
457,83935
458,83935
459,83935
460,83935
461,83935
462,83935
463,83935
464,83935
465,83935
466,83935
467,83935
468,83935
469,83935
470,83935
471,83935
472,83935
473,83935
474,83935
475,83935
476,83935
477,83935
478,83935
479,83935
480,83935
481,83935
482,83935
483,83935
484,83935
485,83935
486,83935
487,83935
488,83935
489,83935
490,83935
491,83935
492,83935
493,83935
494,83935
495,83935
496,83935
497,83935
498,83935
499,83935
500,83935
501,83935
502,83935
503,83935
504,83935
505,83935
506,83935
507,83935
508,83935
509,83935
510,83935
511,83935
512,83935
513,83935
514,83935
515,83935
516,83935
517,83935
518,83935
519,83935
520,83935
521,83935
522,83935
523,83935
524,83935
525,83935
526,83935
527,83935
528,83935
529,83935
530,83935
531,83935
532,83935
533,83935
534,83935
535,83935
536,83935
537,83935
538,83935
539,83935
540,83935
541,83935
542,83935
543,83935
544,83935
545,83935
546,83935
547,83935
548,83935
549,83935
550,83935
551,83935
552,83935
553,83935
554,83935
555,83935
556,83935
557,83935
558,83935
559,83935
560,83935
561,83935
562,83935
563,83935
564,83935
565,83935
566,83935
567,83935
568,83935
569,83935
570,83935
571,83935
572,83935
573,83935
574,83935
575,83935
576,83935
577,83935
578,83935
579,83935
580,83935
581,83935
582,83935
583,83935
584,83935
585,83935
586,83935
587,83935
588,83935
589,83935
590,83935
591,83935
592,83935
593,83935
594,83935
595,83935
596,83935
597,83935
598,83935
599,83935
600,83935
601,83935
602,83935
603,83935
604,83935
605,83935
606,83935
607,83935
608,83935
609,83935
610,83935
611,83935
612,83935
613,83935
614,83935
615,83935
616,83935
617,83935
618,83935
619,83935
620,83935
621,83935
622,83935
623,83935
624,83935
625,83935
626,83935
627,83935
628,83935
629,83935
630,83935
631,83935
632,83935
633,83935
634,83935
635,83935
636,83935
637,83935
638,83935
639,83935
640,83935
641,83935
642,83935
643,83935
644,83935
645,83935
646,83935
647,83935
648,83935
649,83935
650,83935
651,83935
652,83935
653,83935
654,83935
655,83935
656,83935
657,83935
658,83935
659,83935
660,83935
661,83935
662,83935
663,83935
664,83935
665,83935
666,83935
667,83935
668,83935
669,83935
670,83935
671,83935
672,83935
673,83935
674,83935
675,83935
676,83935
677,83935
678,83935
679,83935
680,83935
681,83935
682,83935
683,83935
684,83935
685,83935
686,83935
687,83935
688,83935
689,83935
690,83935
691,83935
692,83935
693,83935
694,83935
695,83935
696,83935
697,83935
698,83935
699,83935
700,83935
701,83935
702,83935
703,83935
704,83935
705,83935
706,83935
707,83935
708,83935
709,83935
710,83935
711,83935
712,83935
713,83935
714,83935
715,83935
716,83935
717,83935
718,83935
719,83935
720,83935
721,83935
722,83935
723,83935
724,83935
725,83935
726,83935
727,83935
728,83935
729,83935
730,83935
731,83935
732,83935
733,83935
734,83935
735,83935
736,83935
737,83935
738,83935
739,83935
740,83935
741,83935
742,83935
743,83935
744,83935
745,83935
746,83935
747,83935
748,83935
749,83935
750,83935
751,83935
752,83935
753,83935
754,83935
755,83935
756,83935
757,83935
758,83935
759,83935
760,83935
761,83935
762,83935
763,83935
764,83935
765,83935
766,83935
767,83935
768,83935
769,83935
770,83935
771,83935
772,83935
773,83935
774,83935
775,83935
776,83935
777,83935
778,83935
779,83935
780,83935
781,83935
782,83935
783,83935
784,83935
785,83935
786,83935
787,83935
788,83935
789,83935
790,83935
791,83935
792,83935
793,83935
794,83935
795,83935
796,83935
797,83935
798,83935
799,83935
800,83935
801,83935
802,83935
803,83935
804,83935
805,83935
806,83935
807,83935
808,83935
809,83935
810,83935
811,83935
812,83935
813,83935
814,83935
815,83935
816,83935
817,83935
818,83935
819,83935
820,83935
821,83935
822,83935
823,83935
824,83935
825,83935
826,83935
827,83935
828,83935
829,83935
830,83935
831,83935
832,83935
833,83935
834,83935
835,83935
836,83935
837,83935
838,83935
839,83935
840,83935
841,83935
842,83935
843,83935
844,83935
845,83935
846,83935
847,83935
848,83935
849,83935
850,83935
851,83935
852,83935
853,83935
854,83935
855,83935
856,83935
857,83935
858,83935
859,83935
860,83935
861,83935
862,83935
863,83935
864,83935
865,83935
866,83935
867,83935
868,83935
869,83935
870,83935
871,83935
872,83935
873,83935
874,83935
875,83935
876,83935
877,83935
878,83935
879,83935
880,83935
881,83935
882,83935
883,83935
884,83935
885,83935
886,83935
887,83935
888,83935
889,83935
890,83935
891,83935
892,83935
893,83935
894,83935
895,83935
896,83935
897,83935
898,83935
899,83935
900,83935
901,83935
902,83935
903,83935
904,83935
905,83935
906,83935
907,83935
908,83935
909,83935
910,83935
911,83935
912,83935
913,83935
914,83935
915,83935
916,83935
917,83935
918,83935
919,83935
920,83935
921,83935
922,83935
923,83935
924,83935
925,83935
926,83935
927,83935
928,83935
929,83935
930,83935
931,83935
932,83935
933,83935
934,83935
935,83935
936,83935
937,83935
938,83935
939,83935
940,83935
941,83935
942,83935
943,83935
944,83935
945,83935
946,83935
947,83935
948,83935
949,83935
950,83935
951,83935
952,83935
953,83935
954,83935
955,83935
956,83935
957,83935
958,83935
959,83935
960,83935
961,83935
962,83935
963,83935
964,83935
965,83935
966,83935
967,83935
968,83935
969,83935
970,83935
971,83935
972,83935
973,83935
974,83935
975,83935
976,83935
977,83935
978,83935
979,83935
980,83935
981,83935
982,83935
983,83935
984,83935
985,83935
986,83935
987,83935
988,83935
989,83935
990,83935
991,83935
992,83935
993,83935
994,83935
995,83935
996,83935
997,83935
998,83935
999,83935
1000,83935
1001,83935
1002,83935
1003,83935
1004,83935
1005,83935
1006,83935
1007,83935
1008,83935
1009,83935
1010,83935
1011,83935
1012,83935
1013,83935
1014,83935
1015,82937
1016,82937
1017,82937
1018,82937
1019,82937
1020,82937
1021,82937
1022,82937
1023,82937
1024,82937
1025,82937
1026,82937
1027,82937
1028,82937
1029,82937
1030,82937
1031,82937
1032,82937
1033,82937
1034,82937
1035,82937
1036,82937
1037,82937
1038,82937
1039,82937
1040,82937
1041,82937
1042,82937
1043,82937
1044,82937
1045,82937
1046,82937
1047,82937
1048,82937
1049,82937
1050,82937
1051,82937
1052,82937
1053,82937
1054,82937
1055,82937
1056,82937
1057,82937
1058,82937
1059,82937
1060,82937
1061,82937
1062,82937
1063,82937
1064,82937
1065,82937
1066,82937
1067,82937
1068,82937
1069,82937
1070,82937
1071,82937
1072,82937
1073,82937
1074,82937
1075,82937
1076,82937
1077,82937
1078,82937
1079,82937
1080,82937
1081,82937
1082,82937
1083,82937
1084,82937
1085,82937
1086,82937
1087,82937
1088,82937
1089,82937
1090,82937
1091,82937
1092,82937
1093,82937
1094,82937
1095,82937
1096,82937
1097,82937
1098,82937
1099,82937
1100,82937
1101,82937
1102,82937
1103,82937
1104,82937
1105,82937
1106,82937
1107,82937
1108,82937
1109,82937
1110,82937
1111,82937
1112,82937
1113,82937
1114,82937
1115,82937
1116,82937
1117,82937
1118,82937
1119,82937
1120,82937
1121,82937
1122,82937
1123,82937
1124,82937
1125,82937
1126,82937
1127,82937
1128,82937
1129,82937
1130,82937
1131,82937
1132,82937
1133,82937
1134,82937
1135,82937
1136,82937
1137,82937
1138,82937
1139,82937
1140,82937
1141,82937
1142,82937
1143,82937
1144,82937
1145,82937
1146,82937
1147,82937
1148,82937
1149,82937
1150,82937
1151,82937
1152,82937
1153,82937
1154,82937
1155,82937
1156,82937
1157,82937
1158,82937
1159,82937
1160,82937
1161,82937
1162,82937
1163,82937
1164,82937
1165,82937
1166,82937
1167,82937
1168,82937
1169,82937
1170,82937
1171,82937
1172,82937
1173,82937
1174,82937
1175,82937
1176,82937
1177,82937
1178,82937
1179,82937
1180,82937
1181,82937
1182,82937
1183,82937
1184,82937
1185,82937
1186,82937
1187,82937
1188,82937
1189,82937
1190,82937
1191,82937
1192,82937
1193,82937
1194,82937
1195,82937
1196,82937
1197,82937
1198,82937
1199,82937
1200,82937
1201,82937
1202,82937
1203,82937
1204,82937
1205,82937
1206,82937
1207,82937
1208,82937
1209,82937
1210,82937
1211,82937
1212,82937
1213,82937
1214,82937
1215,82937
1216,82937
1217,82937
1218,82937
1219,82937
1220,82937
1221,82937
1222,82937
1223,82937
1224,82937
1225,82937
1226,82937
1227,82937
1228,82937
1229,82937
1230,82937
1231,82937
1232,82937
1233,82937
1234,82937
1235,82937
1236,82937
1237,82937
1238,82937
1239,82937
1240,82937
1241,82937
1242,82937
1243,82937
1244,82937
1245,82937
1246,82937
1247,82937
1248,82937
1249,82937
1250,82937
1251,82937
1252,82937
1253,82937
1254,82937
1255,82937
1256,82937
1257,82937
1258,82937
1259,82937
1260,82937
1261,82937
1262,82937
1263,82937
1264,82937
1265,82937
1266,82937
1267,82937
1268,82937
1269,82937
1270,82937
1271,82937
1272,82937
1273,82937
1274,82937
1275,82937
1276,82937
1277,82937
1278,82937
1279,82937
1280,82937
1281,82937
1282,82937
1283,82937
1284,82937
1285,82937
1286,82937
1287,82937
1288,82937
1289,82937
1290,82937
1291,82937
1292,82937
1293,82937
1294,82937
1295,82937
1296,82937
1297,82937
1298,82937
1299,82937
1300,82937
1301,82937
1302,82937
1303,82937
1304,82937
1305,82937
1306,82937
1307,82937
1308,82937
1309,82937
1310,82937
1311,82937
1312,82937
1313,82937
1314,82937
1315,82937
1316,82937
1317,82937
1318,82937
1319,82937
1320,82937
1321,82937
1322,82937
1323,82937
1324,82937
1325,82937
1326,82937
1327,82937
1328,82937
1329,82937
1330,82937
1331,82937
1332,82937
1333,82937
1334,82937
1335,82937
1336,82937
1337,82937
1338,82937
1339,82937
1340,82937
1341,82937
1342,82937
1343,82937
1344,82937
1345,82937
1346,82937
1347,82937
1348,82937
1349,82937
1350,82937
1351,82937
1352,82937
1353,82937
1354,82937
1355,82937
1356,82937
1357,82937
1358,82937
1359,82937
1360,82937
1361,82937
1362,82937
1363,82937
1364,82937
1365,82937
1366,82937
1367,82937
1368,82937
1369,82937
1370,82937
1371,82937
1372,82937
1373,82937
1374,82937
1375,82937
1376,82937
1377,82937
1378,82937
1379,82937
1380,82937
1381,82937
1382,82937
1383,82937
1384,82937
1385,82937
1386,82937
1387,82937
1388,82937
1389,82937
1390,82937
1391,82937
1392,82937
1393,82937
1394,82937
1395,82937
1396,82937
1397,82937
1398,82937
1399,82937
1400,82937
1401,82937
1402,82937
1403,82937
1404,82937
1405,82937
1406,82937
1407,82937
1408,82937
1409,82937
1410,82937
1411,82937
1412,82937
1413,82937
1414,82937
1415,82937
1416,82937
1417,82937
1418,82937
1419,82937
1420,82937
1421,82937
1422,82937
1423,82937
1424,82937
1425,82937
1426,82937
1427,82937
1428,82937
1429,82937
1430,82937
1431,82937
1432,82937
1433,82937
1434,82937
1435,82937
1436,82937
1437,82937
1438,82937
1439,82937
1440,82937
1441,82937
1442,82937
1443,82937
1444,82937
1445,82937
1446,82937
1447,82937
1448,82937
1449,82937
1450,82937
1451,82937
1452,82937
1453,82937
1454,82937
1455,82937
1456,82937
1457,82937
1458,82937
1459,82937
1460,82937
1461,82937
1462,82937
1463,82937
1464,82937
1465,82937
1466,82937
1467,82937
1468,82937
1469,82937
1470,82937
1471,82937
1472,82937
1473,82937
1474,82937
1475,82937
1476,82937
1477,82937
1478,82937
1479,82937
1480,82937
1481,82937
1482,82937
1483,82937
1484,82937
1485,82937
1486,82937
1487,82937
1488,82937
1489,82937
1490,82937
1491,82937
1492,82937
1493,82937
1494,82937
1495,82937
1496,82937
1497,82937
1498,82937
1499,82937
1500,82937
1501,82937
1502,82937
1503,82937
1504,82937
1505,82937
1506,82937
1507,82937
1508,82937
1509,82937
1510,82937
1511,82937
1512,82937
1513,82937
1514,82937
1515,82937
1516,82937
1517,82937
1518,82937
1519,82937
1520,82937
1521,82937
1522,82937
1523,82937
1524,82937
1525,82937
1526,82937
1527,82937
1528,82937
1529,82937
1530,82937
1531,82937
1532,82937
1533,82937
1534,82937
1535,82937
1536,82937
1537,82937
1538,82937
1539,82937
1540,82937
1541,82937
1542,82937
1543,82937
1544,82937
1545,82937
1546,82937
1547,82937
1548,82937
1549,82937
1550,82937
1551,82937
1552,82937
1553,82937
1554,82937
1555,82937
1556,82937
1557,82937
1558,82937
1559,82937
1560,82937
1561,82937
1562,82937
1563,82937
1564,82937
1565,82937
1566,82937
1567,82937
1568,82937
1569,82937
1570,82937
1571,82937
1572,82937
1573,82937
1574,82937
1575,82937
1576,82937
1577,82937
1578,82937
1579,82937
1580,82937
1581,82937
1582,82937
1583,82937
1584,82937
1585,82937
1586,82937
1587,82937
1588,82937
1589,82937
1590,82937
1591,82937
1592,82937
1593,82937
1594,82937
1595,82937
1596,82937
1597,82937
1598,82937
1599,82937
1600,82937
1601,82937
